id	parentSeq	childSeq	strand	pStart	pEnd	cStart	cEnd	method
1	2695	5001	0	13205	14228	205	784	Blitz
2	1395	5003	0	25280	26719	1	1444	Blitz
3	1934	5005	1	3409	4047	1	639	Blitz
4	4781	5006	1	1349	1977	1	629	Blitz
5	2100	5004	0	1970	2890	62	560	Blitz
6	4484	5007	0	11614	12105	44	389	Blitz
7	4484	5008	0	11614	12105	44	389	Blitz
8	4526	5009	0	3163	3755	1	593	Blitz
9	3017	5010	1	17649	18379	1	887	Blitz
10	1634	5011	0	6053	6548	67	561	Blitz
11	4626	5012	1	4468	5002	1	535	Blitz
12	1175	5013	1	13301	14126	1	817	Blitz
13	4047	5014	0	1338	1648	13	323	Blitz
14	3094	5002	0	16465	32768	1	769	Blitz
15	974	5016	0	3710	4626	1	915	Blitz
16	974	5015	0	3710	5324	88	1700	Blitz
17	2210	5017	1	11926	13976	1	1119	Blitz
18	1662	5018	1	11132	15413	1	1018	Blitz
19	3955	5019	1	6335	6873	1	539	Blitz
20	1205	5020	0	1655	4338	1	658	Blitz
21	4892	5021	1	2026	4490	1	1075	Blitz
22	4222	5023	1	6924	7678	183	844	Blitz
23	4892	5022	1	2026	4490	1	1363	Blitz
24	4673	5024	0	3068	3586	191	699	Blitz
25	3754	5025	1	2037	6953	1	1046	Blitz
26	4673	5027	1	53	1644	105	835	Blitz
27	4673	5026	1	1	1644	133	1043	Blitz
28	3561	5028	0	1210	1858	1	606	Blitz
29	3869	5029	1	5487	6355	1	869	Blitz
30	4817	5030	1	262	2375	89	686	Blitz
31	4817	5031	1	905	2375	1	656	Blitz
32	2366	5032	0	4180	4874	1	529	Blitz
33	1900	5033	0	10697	12688	120	1826	Blitz
34	763	5034	1	981	7707	1	1277	Blitz
35	2694	5035	1	81	519	138	576	Blitz
36	3974	5036	0	7719	8121	190	592	Blitz
37	4527	5037	0	11491	12230	1	589	Blitz
38	1588	5038	0	16302	18838	1	913	Blitz
39	1640	5039	1	12199	13038	189	1028	Blitz
40	1640	5040	1	12199	13038	207	1046	Blitz
41	278	5041	1	9868	10650	1	783	Blitz
42	4162	5042	0	16164	16784	1	512	Blitz
43	30	5045	1	13589	15888	4	1843	Blitz
44	1253	5044	1	19786	20638	366	1251	Blitz
45	4105	5046	0	8949	9799	1	780	Blitz
46	1253	5043	1	19786	20638	302	1187	Blitz
47	3533	5047	0	2168	2610	79	523	Blitz
48	3866	5048	0	1809	2535	33	645	Blitz
49	2204	5049	1	1889	2514	63	686	Blitz
50	333	5050	1	24596	26529	1	390	Blitz
51	4536	5051	1	2956	3760	1	480	Blitz
52	4451	5053	0	4454	5911	1	767	Blitz
53	3891	5052	0	5447	5953	1	415	Blitz
54	3463	5054	1	14201	15311	5	852	Blitz
55	842	5055	0	845	1393	1	549	Blitz
56	2210	5056	0	14178	16404	12	932	Blitz
57	2210	5057	0	14442	16404	12	668	Blitz
58	3519	5058	0	6596	7229	1	634	Blitz
59	3491	5059	0	81	1368	21	821	Blitz
60	3324	5061	1	6976	8645	1	573	Blitz
61	3324	5060	1	6976	8055	1	836	Blitz
62	4279	5062	0	4068	7172	1	1096	Blitz
63	4164	5064	0	2054	3809	7	1277	Blitz
64	4164	5063	0	2054	3809	7	1259	Blitz
65	3305	5066	0	3598	4341	15	594	Blitz
66	4841	5068	1	13002	13763	124	701	Blitz
67	3305	5067	0	3598	4341	15	643	Blitz
68	1370	5069	1	3141	3737	12	608	Blitz
69	1370	5070	1	3141	3737	12	665	Blitz
70	4673	5071	0	5736	6196	129	592	Blitz
71	2446	5072	1	13412	14703	1	529	Blitz
72	4117	5073	0	18820	20101	85	551	Blitz
73	4616	5074	1	1336	4084	1	931	Blitz
74	3395	5075	1	3440	4106	1	655	Blitz
75	1634	5076	0	1909	2801	1	900	Blitz
76	4801	5077	1	22789	23436	1	648	Blitz
77	397	5065	1	3964	4830	83	949	Blitz
78	2210	5078	1	4428	6369	1	1157	Blitz
79	2211	5079	0	33622	34523	4	749	Blitz
80	160	5080	0	2979	3665	380	1067	Blitz
81	83	5081	1	8012	9070	9	1067	Blitz
82	4217	5082	1	2865	3441	8	565	Blitz
83	990	5083	0	537	948	154	564	Blitz
84	2279	5083	0	1158	1569	154	564	Blitz
85	4167	5084	1	18207	19123	2	840	Blitz
86	2210	5085	0	1062	1858	1	797	Blitz
87	3167	5086	0	15597	18643	2	619	Blitz
88	4688	5087	0	1076	3658	1	1710	Blitz
89	3172	5088	0	9014	9921	1	635	Blitz
90	1034	5088	1	3410	4227	1	635	Blitz
91	3733	5089	0	19078	21299	1	881	Blitz
92	3733	5090	0	19078	21299	1	872	Blitz
93	2121	5091	0	4590	6546	301	1133	Blitz
94	2121	5092	0	1706	6546	301	1479	Blitz
95	3848	5094	0	2669	4109	1	600	Blitz
96	2121	5093	0	4694	6546	301	1029	Blitz
97	3072	5096	0	15661	16156	18	519	Blitz
98	4527	5095	0	10517	12268	12	1394	Blitz
99	766	5097	1	8269	9240	1	820	Blitz
100	4162	5099	1	6509	9313	109	1346	Blitz
101	4162	5098	1	6261	9313	51	1541	Blitz
102	3199	5100	1	2793	3935	1	1143	Blitz
103	961	5101	0	10241	10885	1	645	Blitz
104	550	5103	0	10637	14401	1	1609	Blitz
105	550	5102	0	10637	14401	1	1645	Blitz
106	2042	5105	1	21	2284	1	1709	Blitz
107	3199	5106	0	6224	10071	138	2198	Blitz
108	2584	5107	1	4643	6336	21	874	Blitz
109	4823	5108	0	328	825	1	499	Blitz
110	2255	5109	1	754	1455	1	595	Blitz
111	2366	5110	0	2374	3094	1	643	Blitz
112	890	5111	0	1749	2195	1	447	Blitz
113	265	5112	1	6463	7297	1	835	Blitz
114	2979	5114	1	2446	4313	1	570	Blitz
115	831	5113	0	1	751	1	751	Blitz
116	4162	5118	1	15398	16182	45	748	Blitz
117	845	5118	1	1148	1943	179	748	Blitz
118	4162	5117	1	15398	16182	45	763	Blitz
119	845	5117	1	1084	1943	130	763	Blitz
120	277	5119	0	4148	6540	1	804	Blitz
121	4779	5120	0	5158	8775	1	1012	Blitz
122	2295	5104	1	967	4540	1	888	Blitz
123	3980	5123	0	3558	4305	1	313	Blitz
124	2439	5122	0	688	1987	1	471	Blitz
125	3872	5124	0	6390	6931	1	454	Blitz
126	3872	5125	0	6390	7653	1	675	Blitz
127	182	5121	0	2772	3514	10	752	Blitz
128	1636	5121	1	7948	8693	8	752	Blitz
129	3800	5126	0	1	545	1	545	Blitz
130	4616	5127	0	21974	26095	1	1052	Blitz
131	2761	5128	0	12557	13501	1	939	Blitz
132	4683	5129	0	5053	8925	62	1781	Blitz
133	2966	5130	1	3943	5262	31	699	Blitz
134	2414	5131	0	2547	6920	1	781	Blitz
135	3360	5132	1	2236	3423	1	926	Blitz
136	4929	5133	1	4135	6177	1	586	Blitz
137	1132	5134	0	4487	6084	57	1702	Blitz
138	3075	5135	0	665	1908	21	745	Blitz
139	2326	5116	1	1261	1791	132	659	Blitz
140	2326	5115	1	1261	1791	46	573	Blitz
141	3585	5137	1	8880	9630	1	604	Blitz
142	3885	5136	1	3923	4453	228	755	Blitz
143	19	5139	1	1587	3431	120	669	Blitz
144	19	5138	1	1587	3431	120	739	Blitz
145	4369	5140	0	458	3221	66	697	Blitz
146	4515	5141	1	7620	8519	1	900	Blitz
147	2617	5142	1	185	626	220	661	Blitz
148	4681	5143	0	1	1303	98	978	Blitz
149	4528	5144	1	4251	8958	1	1247	Blitz
150	2833	5145	1	3681	4263	14	506	Blitz
151	3563	5146	1	508	4136	1183	3509	Blitz
152	3563	5147	1	508	4136	1039	3365	Blitz
153	4638	5148	1	5695	7642	1	1385	Blitz
154	3250	5149	1	948	2450	1	1503	Blitz
155	1497	5150	1	1768	3027	1	1265	Blitz
156	684	5151	1	12296	12873	2	582	Blitz
157	4122	5152	0	1537	2756	1	1220	Blitz
158	3708	5153	0	6452	6941	50	538	Blitz
159	4488	5154	1	11190	12605	4	697	Blitz
160	4981	5155	1	155	3255	1	1237	Blitz
161	3287	5156	1	2789	4222	1	1434	Blitz
162	4616	5157	1	4557	6768	1	943	Blitz
163	4594	5158	0	1	2937	36	1521	Blitz
164	352	5159	1	8995	10771	1	1076	Blitz
165	2311	5160	1	14451	15582	1	581	Blitz
166	4866	5161	0	353	7301	1	1609	Blitz
167	3199	5162	1	3969	5253	1	729	Blitz
168	853	5163	1	4156	6403	1	1612	Blitz
169	2726	5164	0	10874	13865	27	1205	Blitz
170	310	5165	1	155	3274	1	1193	Blitz
171	3690	5166	1	8059	10914	1	1644	Blitz
172	3208	5167	0	4915	6514	726	2061	Blitz
173	4869	5168	0	1327	2799	1	1473	Blitz
174	3731	5170	1	441	5916	405	2021	Blitz
175	3780	5172	1	21781	23586	1	612	Blitz
176	3780	5171	1	22173	23586	158	793	Blitz
177	4565	5173	1	926	1940	1	1015	Blitz
178	3011	5174	0	6118	7421	1	1208	Blitz
179	4223	5175	0	523	4878	1	1376	Blitz
180	2210	5176	1	9	3388	1	2647	Blitz
181	4357	5177	0	2424	3540	1	780	Blitz
182	4272	5169	1	8723	9290	81	628	Blitz
183	2493	5180	1	11163	11704	124	601	Blitz
184	4134	5179	1	1393	4145	39	1759	Blitz
185	4134	5178	1	1393	4145	39	1759	Blitz
186	2977	5181	0	12334	15981	1	1256	Blitz
187	2210	5182	0	8223	9751	71	1017	Blitz
188	4585	5183	0	51	3939	1	1907	Blitz
189	3457	5184	0	4017	9490	16	1746	Blitz
190	3934	5188	0	6767	10259	58	1063	Blitz
191	3934	5186	0	6795	10259	58	1035	Blitz
192	3934	5187	0	6795	10259	58	1248	Blitz
193	3934	5185	0	6767	10259	58	1276	Blitz
194	961	5189	0	4235	4742	202	707	Blitz
195	3046	5191	1	2137	2919	1	691	Blitz
196	3046	5191	1	5138	5843	142	677	Blitz
197	3046	5192	1	5044	5911	1	698	Blitz
198	3046	5192	1	2278	5971	95	757	Blitz
199	3898	5197	0	1263	2585	1	919	Blitz
200	3898	5196	0	1263	2585	1	938	Blitz
201	3898	5195	0	1263	2585	1	1238	Blitz
202	3898	5194	0	1263	2585	1	1219	Blitz
203	2274	5199	1	16177	25057	5	1088	Blitz
204	2274	5198	1	24253	25057	33	816	Blitz
205	1021	5193	1	19300	20959	1	1660	Blitz
206	1688	5200	0	22956	24301	24	1120	Blitz
207	890	5202	1	3000	4410	1	874	Blitz
208	890	5201	1	3000	4410	1	904	Blitz
209	890	5204	1	3000	4410	1	773	Blitz
210	890	5203	1	3915	4410	1	496	Blitz
211	4386	5206	0	13167	13820	1	654	Blitz
212	890	5205	1	3000	4410	1	964	Blitz
213	2115	5190	0	9253	9830	1	611	Blitz
214	4578	5190	0	3761	4465	1	691	Blitz
215	831	5207	1	9427	13388	7	1630	Blitz
216	831	5208	1	9427	13388	7	1630	Blitz
217	4862	5210	0	7034	10054	31	1076	Blitz
218	1347	5212	0	9566	11312	1	991	Blitz
219	1347	5211	0	9566	11312	1	948	Blitz
220	4862	5209	0	7034	11230	17	1555	Blitz
221	760	5213	0	253	2040	1	1787	Blitz
222	1662	5214	1	9568	11047	261	827	Blitz
223	3955	5215	0	3175	6197	151	1755	Blitz
224	2224	5216	1	25347	26430	1	1040	Blitz
225	4078	5217	0	6709	8274	14	1301	Blitz
226	796	5218	0	3846	6435	1	1075	Blitz
227	3671	5220	0	625	1271	1	619	Blitz
228	3671	5219	0	396	1271	1	434	Blitz
229	4744	5221	1	178	5421	444	2691	Blitz
230	2488	5224	1	9415	11494	1	1107	Blitz
231	2488	5223	1	7951	11494	55	1255	Blitz
232	2488	5222	1	7951	11494	55	1184	Blitz
233	2415	5225	1	11785	12314	1	530	Blitz
234	1175	5226	1	4337	5113	1	777	Blitz
235	4343	5227	1	1686	3822	1	1716	Blitz
236	2412	5228	0	14828	15205	1	379	Blitz
237	2412	5228	0	8585	8963	1	380	Blitz
238	4959	5230	1	709	3442	1	2015	Blitz
239	4959	5229	1	709	3442	1	2006	Blitz
240	3210	5231	0	6798	7901	1	955	Blitz
241	3210	5232	0	6798	8081	13	1198	Blitz
242	4585	5233	0	17865	18343	225	703	Blitz
243	1637	5234	1	57	1793	197	852	Blitz
244	1641	5236	0	248	1899	285	731	Blitz
245	1641	5235	0	425	2155	9	633	Blitz
246	1641	5237	0	248	2155	9	712	Blitz
247	166	5238	1	8702	10379	1	964	Blitz
248	277	5239	1	378	3384	325	1030	Blitz
249	3585	5240	0	9611	15021	1	1567	Blitz
250	4585	5241	1	18024	18694	1	671	Blitz
251	719	5242	1	14294	15822	1	529	Blitz
252	3026	5246	1	3312	4312	1	639	Blitz
253	3026	5244	1	3312	4312	1	638	Blitz
254	3026	5247	1	3312	4483	1	825	Blitz
255	3026	5243	1	3312	4312	1	855	Blitz
256	3026	5245	1	3312	4483	1	1041	Blitz
257	3756	5248	1	24413	25875	1	1461	Blitz
258	1259	5252	0	1667	3205	158	1116	Blitz
259	1259	5250	0	1667	3205	131	1089	Blitz
260	1259	5253	0	1956	3205	131	800	Blitz
261	1259	5249	0	1667	3435	1	1083	Blitz
262	1259	5251	0	1956	3435	1	794	Blitz
263	3514	5254	0	630	3045	1	1639	Blitz
264	3514	5255	0	630	3045	1	1627	Blitz
265	3708	5258	0	7887	8855	55	795	Blitz
266	4529	5257	1	20416	20984	169	736	Blitz
267	158	5259	1	20461	21258	73	786	Blitz
268	4529	5256	1	20416	20984	265	832	Blitz
269	4122	5260	1	4791	7942	1	1250	Blitz
270	4122	5261	1	4608	7942	1	1250	Blitz
271	2977	5262	1	9117	12936	39	1262	Blitz
272	3914	5263	1	537	5736	1	1598	Blitz
273	877	5266	1	1106	3141	1	1180	Blitz
274	877	5270	1	1765	3239	1	958	Blitz
275	877	5269	1	1363	3141	178	1275	Blitz
276	877	5265	1	1363	3289	504	1654	Blitz
277	877	5271	1	1765	3239	1	1030	Blitz
278	877	5268	1	1363	3141	522	1524	Blitz
279	877	5264	1	1363	3289	718	1868	Blitz
280	877	5276	1	1106	3239	1	1206	Blitz
281	877	5275	1	1363	3239	178	1373	Blitz
282	877	5281	1	1765	3141	1	932	Blitz
283	877	5274	1	1363	3289	504	1677	Blitz
284	877	5267	1	1363	3289	718	1796	Blitz
285	877	5277	1	1363	3289	504	1749	Blitz
286	877	5272	1	1363	3289	522	1695	Blitz
287	877	5280	1	1363	3239	178	1301	Blitz
288	877	5279	1	1363	3239	522	1622	Blitz
289	877	5273	1	1363	3289	522	1767	Blitz
290	877	5284	1	1106	3239	1	1278	Blitz
291	877	5285	1	1363	3289	504	1582	Blitz
292	877	5282	1	1363	3289	718	1891	Blitz
293	877	5278	1	1363	3289	718	1963	Blitz
294	877	5283	1	1363	3289	522	1600	Blitz
295	3498	5286	0	3679	6107	1	1334	Blitz
296	4798	5287	0	5858	6395	1	538	Blitz
297	796	5288	1	1	2738	591	2108	Blitz
298	4451	5289	0	5293	7372	246	2270	Blitz
299	3544	5290	1	3488	4616	2	1130	Blitz
300	2966	5295	0	6631	10342	6	1391	Blitz
301	2966	5296	0	6398	10342	6	1624	Blitz
302	2966	5293	0	6398	11478	384	2491	Blitz
303	2966	5294	0	6631	11478	384	2258	Blitz
304	3387	5297	0	737	5942	1	2456	Blitz
305	4736	5298	1	5378	6347	4	979	Blitz
306	4034	5301	0	1643	3015	364	1296	Blitz
307	4034	5302	0	1643	4361	1	1521	Blitz
308	4736	5299	1	4912	6347	447	1889	Blitz
309	4736	5300	1	4912	6347	552	1994	Blitz
310	123	5306	1	5563	6846	154	1203	Blitz
311	123	5305	1	5563	6846	348	1397	Blitz
312	4562	5308	1	1385	3375	1	707	Blitz
313	4562	5310	1	1385	3375	1	719	Blitz
314	4562	5309	1	1385	3375	1	889	Blitz
315	4562	5313	1	1214	3375	1	649	Blitz
316	4562	5311	1	1214	3375	1	860	Blitz
317	4562	5307	1	1214	3375	1	1042	Blitz
318	4562	5315	1	1214	3375	1	872	Blitz
319	4562	5314	1	1385	3375	1	901	Blitz
320	4562	5312	1	1214	3375	1	1054	Blitz
321	1994	5316	1	670	2086	392	1808	Blitz
322	1347	5317	0	618	2834	1	764	Blitz
323	4710	5318	1	849	3307	1	1598	Blitz
324	4515	5319	0	6128	7637	1	1510	Blitz
325	3702	5320	0	11256	12205	2	843	Blitz
326	4306	5321	0	5583	9943	12	2084	Blitz
327	4275	5291	0	886	2350	15	800	Blitz
328	3718	5322	1	1513	2641	1	532	Blitz
329	1175	5323	1	777	5127	37	2325	Blitz
330	470	5324	1	362	4239	1	1824	Blitz
331	2210	5326	1	14440	14814	35	409	Blitz
332	4090	5325	1	11711	14929	1	2058	Blitz
333	4817	5304	1	8578	9105	1	528	Blitz
334	4043	5329	0	5167	7397	12	1584	Blitz
335	4043	5327	0	5368	7397	12	1360	Blitz
336	4043	5328	0	5167	7397	12	1567	Blitz
337	4275	5292	0	886	2389	15	839	Blitz
338	3046	5330	0	6587	8724	1	1348	Blitz
339	1210	5333	0	2755	3238	1	489	Blitz
340	1210	5331	0	1137	1765	49	623	Blitz
341	1210	5332	0	1137	3238	1	1047	Blitz
342	4817	5303	1	8578	9346	1	652	Blitz
343	4727	5335	1	1500	2857	1	1356	Blitz
344	101	5334	1	11456	13642	103	1217	Blitz
345	4964	5336	0	2121	6892	39	1152	Blitz
346	4759	5338	0	2773	4877	1	2105	Blitz
347	4759	5337	0	2773	4737	166	2130	Blitz
348	3660	5339	1	27110	28062	1	689	Blitz
349	4918	5340	1	395	2177	233	1378	Blitz
350	4122	5341	0	10078	12825	283	1521	Blitz
351	4122	5342	0	10078	12825	564	1802	Blitz
352	1397	5344	1	3961	5981	1	766	Blitz
353	1397	5343	1	1493	5981	1	1547	Blitz
354	352	5345	0	4282	6195	394	1204	Blitz
355	4736	5352	1	6391	8203	502	1534	Blitz
356	4736	5350	1	6391	8203	429	1461	Blitz
357	4736	5353	1	6391	8203	502	1491	Blitz
358	4736	5349	1	6391	8481	502	1698	Blitz
359	4736	5351	1	6391	8481	429	1625	Blitz
360	4736	5354	1	6391	8481	429	1582	Blitz
361	4736	5348	1	6391	8481	502	1655	Blitz
362	4736	5355	1	6391	8203	429	1418	Blitz
363	3690	5347	0	2480	7419	31	2347	Blitz
364	3690	5346	0	2480	7562	1	2460	Blitz
365	2417	5356	1	1	2143	479	2530	Blitz
366	2210	5357	1	15557	16140	21	604	Blitz
367	2210	5358	1	14792	16140	1	1369	Blitz
368	2210	5359	1	14792	16140	1	1349	Blitz
369	4803	5360	0	2057	9622	1	1923	Blitz
370	4803	5361	0	2057	8714	11	1784	Blitz
371	4803	5362	0	2057	9570	49	1945	Blitz
372	4539	5366	0	7904	8501	1	597	Blitz
373	4539	5367	0	6522	8501	1	1260	Blitz
374	3268	5368	0	5707	7058	1	897	Blitz
375	3268	5369	0	5707	6904	28	807	Blitz
376	3268	5370	0	5707	7058	1	934	Blitz
377	2035	5371	0	385	2700	227	2542	Blitz
378	4455	5372	0	607	6464	313	2027	Blitz
379	4455	5373	0	607	6464	313	2027	Blitz
380	3167	5374	0	13391	14729	1	1241	Blitz
381	1248	5376	0	7769	8948	243	1434	Blitz
382	1248	5375	0	7769	8948	306	1497	Blitz
383	1248	5377	0	7769	9053	204	1477	Blitz
384	284	5378	1	6381	10532	1	1710	Blitz
385	3319	5379	1	6905	7498	1	594	Blitz
386	3908	5381	1	3633	4417	176	707	Blitz
387	3908	5383	1	3633	4417	176	684	Blitz
388	3908	5382	1	3726	4417	213	629	Blitz
389	3762	5385	0	10897	11958	1	977	Blitz
390	3762	5384	0	10897	11958	1	994	Blitz
391	3309	5386	0	659	2550	1	1434	Blitz
392	2502	5364	1	24313	24909	1	557	Blitz
393	3677	5387	1	5238	5649	187	598	Blitz
394	3009	5388	1	2112	2886	38	499	Blitz
395	2242	5365	0	186	896	314	1021	Blitz
396	3144	5391	1	15469	15961	1	421	Blitz
397	3144	5392	1	15469	16209	1	669	Blitz
398	3572	5393	0	1655	3064	1	1410	Blitz
399	1649	5380	1	5532	6265	1	737	Blitz
400	3533	5394	0	1609	2684	1	721	Blitz
401	1662	5395	0	3881	5158	403	1656	Blitz
402	4987	5396	0	1455	2056	1	502	Blitz
403	4987	5398	0	1455	2182	86	573	Blitz
404	4987	5397	0	1455	6325	26	1504	Blitz
405	3026	5400	1	1	709	77	701	Blitz
406	1947	5399	0	6551	7114	1	556	Blitz
407	4164	5401	0	13984	16435	1	1785	Blitz
408	3593	5402	1	24746	26017	1	1164	Blitz
409	3996	5403	0	7466	8179	1	714	Blitz
410	3996	5404	0	7466	8674	589	1797	Blitz
411	4451	5405	1	5890	7397	1	1438	Blitz
412	2761	5407	1	9215	10648	1	660	Blitz
413	2761	5406	1	9215	10619	1	631	Blitz
414	1911	5408	0	11039	15965	1	2473	Blitz
415	1242	5409	1	4282	4925	1	644	Blitz
416	2225	5411	1	14510	16409	42	970	Blitz
417	2225	5410	1	14169	16409	36	1326	Blitz
418	4105	5412	0	6398	8324	1	875	Blitz
419	3880	5413	0	15006	15698	127	817	Blitz
420	2394	5414	0	1585	2414	1	648	Blitz
421	1943	5418	1	9270	10158	4	865	Blitz
422	791	5415	0	2424	4648	1	1613	Blitz
423	3336	5416	0	4482	5655	644	1808	Blitz
424	2716	5420	1	4599	11244	1	1105	Blitz
425	2716	5420	1	605	3373	3	1105	Blitz
426	2716	5419	1	605	7028	3	796	Blitz
427	2716	5419	1	4599	6928	1	726	Blitz
428	3336	5417	0	4482	7131	389	3038	Blitz
429	2084	5363	1	4459	6671	33	782	Blitz
430	1401	5422	0	1310	3940	1	1400	Blitz
431	1401	5423	0	1786	3940	1	926	Blitz
432	3561	5421	1	1	1199	64	1262	Blitz
433	550	5424	1	2995	4283	19	922	Blitz
434	550	5425	1	4473	9557	6	1732	Blitz
435	4162	5426	0	1979	4485	1	1829	Blitz
436	1585	5427	0	13309	16221	1	2913	Blitz
437	4504	5428	1	10384	13451	1	1836	Blitz
438	3957	5429	1	15152	16933	1	716	Blitz
439	904	5431	0	2369	5132	1	2273	Blitz
440	904	5430	0	2369	5132	1	2201	Blitz
441	3793	5434	0	13776	15916	1	737	Blitz
442	3793	5435	0	13776	15916	1	847	Blitz
443	3793	5432	0	13776	16032	1	864	Blitz
444	3793	5439	0	13776	16032	1	974	Blitz
445	3793	5440	0	13776	16032	1	1073	Blitz
446	3793	5436	0	13776	15916	1	1498	Blitz
447	3793	5437	0	13776	16032	1	1625	Blitz
448	3793	5433	0	13776	15916	1	1608	Blitz
449	3793	5441	0	13776	16032	1	1735	Blitz
450	3793	5438	0	13776	16032	1	1834	Blitz
451	2478	5442	1	49906	53334	1	3133	Blitz
452	2677	5444	0	12219	14645	1	1445	Blitz
453	2677	5446	0	12219	14645	1	1580	Blitz
454	2677	5443	0	12219	14645	1	1507	Blitz
455	2677	5445	0	12219	14645	1	1518	Blitz
456	2838	5447	0	12757	16780	1	1800	Blitz
457	2838	5449	0	12301	16780	1	1898	Blitz
458	2838	5448	0	12757	16780	1	1726	Blitz
459	2838	5451	0	13119	16780	1	1451	Blitz
460	2838	5452	0	12301	16780	1	1824	Blitz
461	2838	5450	0	13119	16780	1	1525	Blitz
462	2584	5453	1	2048	2585	59	609	Blitz
463	904	5454	1	5120	6194	1	1025	Blitz
464	904	5456	1	5120	6194	1	1072	Blitz
465	904	5455	1	5120	6194	1	1087	Blitz
466	793	5457	1	3360	6786	1	1634	Blitz
467	4203	5458	0	1742	4726	11	1252	Blitz
468	4203	5459	0	1742	11215	138	3694	Blitz
469	351	5460	1	1339	4419	1	1285	Blitz
470	4599	5464	1	6025	6535	78	597	Blitz
471	3762	5465	1	11937	12457	3	533	Blitz
472	3942	5461	0	6424	10090	165	906	Blitz
473	3942	5462	0	6424	10287	1	855	Blitz
474	3942	5463	0	6424	10287	1	855	Blitz
475	352	5466	1	11865	13769	114	1816	Blitz
476	4529	5471	1	17404	18730	1	777	Blitz
477	4529	5479	1	17404	18730	1	866	Blitz
478	4529	5473	1	17404	19769	1	1808	Blitz
479	4529	5470	1	17404	19769	1	1897	Blitz
480	4529	5474	1	17404	19769	1	2227	Blitz
481	4529	5469	1	17404	19769	1	2138	Blitz
482	4529	5472	1	17404	20409	1	2448	Blitz
483	4529	5478	1	17404	20409	1	2235	Blitz
484	4529	5476	1	17404	20409	1	2146	Blitz
485	4529	5480	1	17404	20409	1	2537	Blitz
486	4529	5475	1	17404	20409	1	2565	Blitz
487	4529	5477	1	17404	20409	1	2476	Blitz
488	4529	5467	1	17404	20409	1	2778	Blitz
489	4529	5468	1	17404	20409	1	2867	Blitz
490	3046	5481	1	11106	12520	1	1415	Blitz
491	4496	5484	0	867	1336	32	476	Blitz
492	4496	5482	0	1101	2721	3	1103	Blitz
493	4496	5483	0	867	2721	3	1312	Blitz
494	4533	5485	0	19884	20471	279	866	Blitz
495	4533	5487	0	19884	20471	280	867	Blitz
496	4533	5486	0	19884	20471	253	840	Blitz
497	4426	5489	1	5817	7472	39	739	Blitz
498	4426	5488	1	5817	7472	39	722	Blitz
499	3502	5490	1	6386	8319	121	1490	Blitz
500	3179	5493	0	160	724	195	775	Blitz
501	3974	5492	0	8663	9426	142	885	Blitz
502	3974	5491	0	8663	10092	66	1448	Blitz
503	3850	5500	1	1040	1555	100	515	Blitz
504	3850	5503	1	1315	1769	50	511	Blitz
505	3850	5501	1	1183	1769	26	536	Blitz
506	3850	5502	1	47	1769	1	777	Blitz
507	3850	5498	1	1183	1769	26	623	Blitz
508	3850	5499	1	1040	1769	100	753	Blitz
509	3850	5497	1	1040	1769	100	840	Blitz
510	2332	5504	1	8584	9388	71	887	Blitz
511	4167	5505	1	14108	14790	51	733	Blitz
512	612	5506	0	5073	6419	1	514	Blitz
513	4838	5496	0	17868	18526	58	714	Blitz
514	4838	5494	0	17868	18525	289	946	Blitz
515	4838	5495	0	17868	18526	146	804	Blitz
516	2833	5507	0	2852	3351	5	504	Blitz
517	1641	5508	0	7773	10520	682	3428	Blitz
518	2850	5509	1	319	4195	1	1694	Blitz
519	2366	5511	0	2102	5336	137	2678	Blitz
520	2366	5510	0	2355	5336	137	2425	Blitz
521	1561	5512	1	5619	8885	1	1217	Blitz
522	2966	5516	1	1711	4949	122	1109	Blitz
523	2966	5515	1	20	1837	74	946	Blitz
524	2966	5523	1	1703	3643	97	621	Blitz
525	2966	5520	1	20	1837	74	1180	Blitz
526	2966	5521	1	20	1837	74	1059	Blitz
527	2966	5517	1	20	4283	74	1604	Blitz
528	2966	5522	1	20	1837	74	1293	Blitz
529	2966	5519	1	20	4000	74	1524	Blitz
530	2966	5518	1	20	4949	74	2154	Blitz
531	2966	5524	1	20	4949	74	2041	Blitz
532	1689	5514	1	6435	7132	329	1025	Blitz
533	4715	5525	0	7566	7889	1	324	Blitz
534	765	5526	1	1796	3207	1	1413	Blitz
535	765	5527	1	1816	3207	1	1378	Blitz
536	1011	5513	0	10545	11870	1	1194	Blitz
537	3520	5529	0	2046	3622	38	900	Blitz
538	4495	5528	0	11506	14693	9	494	Blitz
539	3352	5531	0	214	1615	1	951	Blitz
540	3352	5532	0	214	1615	1	1045	Blitz
541	3352	5534	0	216	1615	1	949	Blitz
542	3352	5535	0	216	1615	1	1043	Blitz
543	3352	5536	0	260	1615	1	999	Blitz
544	3352	5543	0	216	1615	1	949	Blitz
545	3352	5537	0	216	1615	1	1043	Blitz
546	3352	5533	0	216	1615	1	949	Blitz
547	3352	5542	0	260	1615	1	905	Blitz
548	3352	5545	0	260	1615	1	905	Blitz
549	3352	5540	0	1	1615	1	1121	Blitz
550	3352	5538	0	227	1615	1	1032	Blitz
551	3352	5530	0	227	1615	1	1032	Blitz
552	3352	5546	0	227	1615	1	938	Blitz
553	3352	5544	0	260	1615	1	999	Blitz
554	3352	5541	0	216	1615	1	1043	Blitz
555	3352	5547	0	216	1615	1	1043	Blitz
556	3352	5539	0	216	1615	1	1043	Blitz
557	3352	5548	0	1	1615	1	1121	Blitz
558	2332	5550	1	9167	9687	1	539	Blitz
559	2332	5549	1	9167	9807	1	687	Blitz
560	845	5553	1	880	3085	12	1561	Blitz
561	845	5554	1	1145	3688	179	1587	Blitz
562	845	5552	1	880	3688	12	1695	Blitz
563	4162	5552	1	15532	16957	281	1516	Blitz
564	845	5551	1	1122	3688	240	1680	Blitz
565	4162	5551	1	15753	16957	406	1501	Blitz
566	693	5555	1	29888	34610	1	1438	Blitz
567	2236	5556	0	9891	11401	2	1019	Blitz
568	3475	5557	1	18023	18792	6	775	Blitz
569	1943	5559	1	6880	8909	1	1865	Blitz
570	3336	5559	0	5705	7139	430	1864	Blitz
571	1943	5560	1	6880	8909	1	1797	Blitz
572	3336	5560	0	5705	7139	362	1796	Blitz
573	1943	5558	1	6880	8909	1	1836	Blitz
574	3336	5558	0	5705	7139	401	1835	Blitz
575	4545	5562	1	7355	8580	136	962	Blitz
576	4545	5561	1	7355	8580	136	1020	Blitz
577	693	5563	1	25779	27097	21	678	Blitz
578	693	5564	1	25946	27728	130	1040	Blitz
579	693	5566	1	25779	27728	21	1098	Blitz
580	693	5565	1	25779	27097	21	678	Blitz
581	2930	5567	0	6462	7001	106	668	Blitz
582	4060	5569	1	1	2835	95	1161	Blitz
583	4375	5571	0	4449	7805	1	2912	Blitz
584	4375	5570	0	4449	7805	1	2931	Blitz
585	3730	5572	0	7817	9271	1	1455	Blitz
586	3730	5573	0	7817	9590	1	1774	Blitz
587	1290	5576	1	11609	12649	1	602	Blitz
588	1290	5577	1	11609	12490	1	497	Blitz
589	1290	5574	1	11609	12649	1	785	Blitz
590	1290	5578	1	11609	12490	1	598	Blitz
591	1290	5575	1	11609	12649	1	684	Blitz
592	1290	5579	1	11609	12649	1	646	Blitz
593	113	5582	1	26	2499	115	2235	Blitz
594	113	5585	1	26	2499	115	2319	Blitz
595	113	5588	1	26	2838	115	2325	Blitz
596	113	5599	1	26	2499	115	2161	Blitz
597	113	5581	1	26	2838	115	2419	Blitz
598	113	5589	1	26	2838	115	2329	Blitz
599	113	5583	1	26	2838	115	2503	Blitz
600	113	5586	1	26	2838	115	2345	Blitz
601	113	5598	1	26	2499	115	2245	Blitz
602	113	5596	1	26	2499	115	2225	Blitz
603	113	5584	1	26	2838	115	2409	Blitz
604	113	5592	1	26	2838	115	2251	Blitz
605	113	5580	1	26	2838	115	2429	Blitz
606	113	5591	1	26	2838	115	2335	Blitz
607	113	5594	1	26	2838	115	2413	Blitz
608	113	5593	1	26	2838	115	2251	Blitz
609	113	5590	1	26	2838	115	2403	Blitz
610	113	5597	1	26	2838	115	2335	Blitz
611	113	5595	1	26	2838	115	2503	Blitz
612	113	5600	1	26	2838	115	2403	Blitz
613	113	5587	1	26	2838	115	2429	Blitz
614	113	5602	1	26	2838	115	2413	Blitz
615	113	5605	1	26	2838	115	2325	Blitz
616	113	5606	1	26	2838	115	2329	Blitz
617	113	5604	1	26	2838	115	2409	Blitz
618	113	5601	1	26	2838	115	2419	Blitz
619	113	5603	1	26	2838	115	2345	Blitz
620	680	5607	1	3394	7198	1	2914	Blitz
621	680	5610	1	3445	7198	248	3092	Blitz
622	680	5608	1	3394	7198	1	2896	Blitz
623	680	5609	1	3445	7198	248	3110	Blitz
624	3137	5613	1	3975	5203	395	1274	Blitz
625	3137	5611	1	3975	5203	528	1407	Blitz
626	3137	5614	1	3975	5203	494	1373	Blitz
627	3137	5612	1	1863	5203	1	1945	Blitz
628	3305	5615	1	4696	5913	1	938	Blitz
629	2640	5616	1	2544	3252	1	708	Blitz
630	4504	5617	1	3834	8123	25	1933	Blitz
631	4752	5618	0	6067	8566	1	1321	Blitz
632	3758	5621	1	10952	13959	43	880	Blitz
633	3758	5620	1	10952	13998	43	919	Blitz
634	3758	5622	1	11926	13322	1	622	Blitz
635	3758	5619	1	10952	12832	43	744	Blitz
636	3758	5626	1	10952	13827	43	750	Blitz
637	3758	5624	1	10952	13959	43	936	Blitz
638	3758	5628	1	10952	13959	43	909	Blitz
639	3758	5623	1	10952	13976	43	871	Blitz
640	3758	5625	1	10952	13976	43	900	Blitz
641	3758	5631	1	10952	13827	43	779	Blitz
642	3758	5632	1	10952	13827	43	806	Blitz
643	3758	5627	1	10952	13976	43	927	Blitz
644	3758	5629	1	10952	13976	43	900	Blitz
645	3758	5635	1	11926	12445	1	521	Blitz
646	3758	5630	1	10952	13976	43	927	Blitz
647	3758	5634	1	10952	13976	43	871	Blitz
648	3758	5633	1	10952	12832	43	674	Blitz
649	4511	5636	0	3155	6169	1	2122	Blitz
650	2270	5642	0	9844	10676	5	665	Blitz
651	4063	5642	1	16175	16995	22	665	Blitz
652	717	5637	1	2123	5295	155	1755	Blitz
653	2270	5643	0	2637	4373	98	733	Blitz
654	2270	5638	0	2637	9830	1	1042	Blitz
655	4063	5639	1	16175	17491	22	1293	Blitz
656	2270	5639	0	9189	10676	5	1293	Blitz
657	2270	5653	0	9189	9881	1	693	Blitz
658	2270	5640	0	3204	9881	1	1023	Blitz
659	2270	5646	0	2637	9830	1	1075	Blitz
660	4063	5644	1	16175	19847	22	1240	Blitz
661	2270	5644	0	3209	10676	5	1231	Blitz
662	4063	5657	1	16175	17492	22	1285	Blitz
663	2270	5657	0	9189	10676	5	1284	Blitz
664	2270	5647	0	2637	10676	5	1684	Blitz
665	4063	5647	1	16175	19839	22	1232	Blitz
666	2270	5650	0	3209	9881	1	1018	Blitz
667	2270	5648	0	2637	9881	1	1504	Blitz
668	2270	5645	0	2637	10222	261	1609	Blitz
669	2270	5649	0	2637	10676	5	1717	Blitz
670	4063	5649	1	16175	19847	22	1240	Blitz
671	2270	5641	0	2637	10676	5	2095	Blitz
672	4063	5652	1	16175	19852	22	1623	Blitz
673	2270	5652	0	3204	10676	5	1614	Blitz
674	4063	5654	1	16175	19852	22	1245	Blitz
675	2270	5654	0	3204	10676	5	1236	Blitz
676	2270	5655	0	2637	10676	5	2062	Blitz
677	2270	5656	0	2637	9881	1	1471	Blitz
678	2270	5658	0	2637	10222	261	1576	Blitz
679	4063	5651	1	16175	19847	22	1618	Blitz
680	693	5659	0	26800	28980	1	529	Blitz
681	1719	5568	0	2712	3832	4	1112	Blitz
682	814	5660	0	3242	4112	1	871	Blitz
683	814	5661	0	3242	5385	71	2208	Blitz
684	2695	5662	0	6891	7396	33	549	Blitz
685	2695	5663	0	6891	8958	14	1010	Blitz
686	2695	5664	0	6891	13294	1	2302	Blitz
687	4217	5666	1	2408	4691	151	1197	Blitz
688	4217	5665	1	3138	4691	83	1633	Blitz
689	4932	5667	1	1208	2412	4	501	Blitz
690	4386	5669	1	10963	12859	1	1387	Blitz
691	4386	5668	1	10243	12810	13	1995	Blitz
692	2761	5670	0	13507	17339	1	1886	Blitz
693	3974	5671	0	1417	2094	170	847	Blitz
694	3974	5672	1	8138	8648	1	511	Blitz
695	3755	5676	1	922	1967	1	1046	Blitz
696	3755	5679	1	1005	1967	10	972	Blitz
697	3755	5677	1	1005	2068	10	1073	Blitz
698	3755	5680	1	922	2068	1	1147	Blitz
699	3755	5681	1	942	2068	1	1127	Blitz
700	3755	5682	1	942	1967	1	1026	Blitz
701	3755	5678	1	631	2068	415	1852	Blitz
702	3755	5675	1	631	2068	811	2248	Blitz
703	3755	5674	1	631	2068	829	2266	Blitz
704	3755	5673	1	631	2068	881	2318	Blitz
705	3893	5693	1	53136	53671	26	560	Blitz
706	1544	5690	0	9804	10321	1	518	Blitz
707	1544	5689	0	9804	10321	1	518	Blitz
708	3893	5683	1	53136	53684	51	598	Blitz
709	3893	5689	1	53136	53607	51	520	Blitz
710	3893	5691	1	53136	53671	51	585	Blitz
711	3893	5696	1	53136	53684	26	573	Blitz
712	4083	5684	1	11762	12485	81	849	Blitz
713	1544	5686	0	9804	10373	6	575	Blitz
714	3893	5686	1	53029	53607	1	577	Blitz
715	3893	5695	1	53029	53572	1	544	Blitz
716	4361	5695	1	6042	6586	1	544	Blitz
717	3893	5688	1	53029	53607	1	577	Blitz
718	4361	5688	1	6042	6621	1	577	Blitz
719	1544	5685	0	9396	10321	1	925	Blitz
720	4083	5692	1	9624	10601	1	969	Blitz
721	1544	5692	0	9396	10295	2	900	Blitz
722	3893	5687	1	53029	53684	1	655	Blitz
723	3866	5697	1	13531	16098	47	671	Blitz
724	3915	5698	1	7807	8235	181	562	Blitz
725	3683	5694	0	3550	11075	25	557	Blitz
726	3915	5699	1	7807	8235	181	609	Blitz
727	2000	5704	0	133	632	29	529	Blitz
728	2000	5702	0	133	848	29	745	Blitz
729	3026	5708	0	2173	2757	12	595	Blitz
730	3026	5709	0	2173	2757	12	610	Blitz
731	3061	5711	0	6934	8570	37	1362	Blitz
732	312	5712	1	7829	9492	37	1105	Blitz
733	59	5703	1	3990	10465	41	658	Blitz
734	3336	5714	0	5644	6457	1	814	Blitz
735	1943	5714	1	8156	8969	1	814	Blitz
736	3358	5715	0	2131	3538	4	1103	Blitz
737	2324	5716	0	4096	5266	1	836	Blitz
738	4320	5717	1	1333	4105	1	508	Blitz
739	4571	5721	1	14193	15375	1	488	Blitz
740	4412	5719	1	14198	14966	28	796	Blitz
741	3319	5718	1	7459	8017	130	688	Blitz
742	563	5720	0	84	4887	45	1509	Blitz
743	4142	5722	0	3159	6836	1	1573	Blitz
744	643	5705	0	20	611	5	592	Blitz
745	3702	5713	0	13875	14278	26	427	Blitz
746	4798	5723	1	6876	8412	1	1150	Blitz
747	1572	5700	0	8247	8810	1	564	Blitz
748	1867	5724	1	810	1232	120	542	Blitz
749	3395	5725	1	2292	3093	1	802	Blitz
750	3287	5726	1	1894	2808	1	916	Blitz
751	1637	5727	1	2320	3173	1	580	Blitz
752	2039	5728	1	4814	5524	8	718	Blitz
753	3414	5729	0	11729	12246	111	643	Blitz
754	3784	5730	1	2452	3307	1	856	Blitz
755	719	5731	1	14630	15404	1	776	Blitz
756	2415	5733	1	5263	5961	74	706	Blitz
757	2716	5732	0	1043	1607	22	586	Blitz
758	2850	5734	0	4135	5765	1	893	Blitz
759	3738	5735	0	3209	3759	49	490	Blitz
760	4043	5736	0	514	1413	1	660	Blitz
761	3756	5737	0	23816	24411	1	511	Blitz
762	1561	5738	0	8929	9577	289	874	Blitz
763	961	5739	1	1789	2607	24	792	Blitz
764	3474	5741	1	2230	4550	22	668	Blitz
765	459	5740	1	318	895	1	577	Blitz
766	654	5740	0	1334	1911	1	577	Blitz
767	2175	5743	0	875	1531	1	576	Blitz
768	1995	5706	0	4647	5305	152	689	Blitz
769	1662	5744	0	3012	3543	1	532	Blitz
770	1662	5744	0	1320	1830	1	511	Blitz
771	3520	5745	1	320	939	1	496	Blitz
772	4060	5746	0	5134	7630	1	1329	Blitz
773	1021	5747	1	21184	21634	1	454	Blitz
774	2850	5742	1	591	1247	1	657	Blitz
775	3463	5748	0	11165	11683	1	519	Blitz
776	4616	5749	0	30231	31044	37	850	Blitz
777	2347	5750	1	2347	2883	1	544	Blitz
778	2904	5751	1	6876	7459	9	591	Blitz
779	2415	5752	0	10137	10970	1	535	Blitz
780	3815	5753	1	24493	26476	1	717	Blitz
781	2840	5754	0	6012	6546	3	537	Blitz
782	2270	5755	0	4834	5927	1	984	Blitz
783	310	5756	0	3818	5444	12	945	Blitz
784	4947	5757	0	2138	4676	1	1070	Blitz
785	4955	5758	1	2231	2918	1	688	Blitz
786	3939	5760	1	1174	1762	1	589	Blitz
787	4297	5761	1	77	1242	1	533	Blitz
788	2643	5762	0	4365	4827	25	486	Blitz
789	2467	5759	1	1782	2728	24	970	Blitz
790	1434	5763	1	6991	7968	23	696	Blitz
791	4918	5764	1	1	422	146	567	Blitz
792	1175	5765	0	3439	4362	1	606	Blitz
793	1572	5707	0	8175	8810	1	636	Blitz
794	4412	5767	1	10302	10947	1	517	Blitz
795	2893	5768	0	5494	6229	1	520	Blitz
796	4349	5769	0	24775	25356	304	803	Blitz
797	3629	5770	0	1945	4331	1	659	Blitz
798	3191	5771	1	2169	3161	4	949	Blitz
799	2366	5772	0	7762	8266	1	505	Blitz
800	2926	5773	0	3952	6175	1	596	Blitz
801	1657	5774	1	12821	13349	1	529	Blitz
802	3942	5774	0	9194	9722	1	529	Blitz
803	83	5775	1	13356	14700	1	1345	Blitz
804	2383	5776	1	13323	13929	149	755	Blitz
805	2478	5777	0	49385	49911	1	527	Blitz
806	2602	5778	1	17	514	228	638	Blitz
807	1343	5766	1	225	736	1	512	Blitz
808	4535	5701	0	7975	26042	76	794	Blitz
809	1068	5779	1	15569	17452	1	563	Blitz
810	3784	5780	1	2648	3456	1	818	Blitz
811	2195	5782	0	18306	19392	1	1087	Blitz
812	3167	5784	0	12634	13426	1	793	Blitz
813	83	5781	1	14695	15443	1	749	Blitz
814	2930	5783	1	2397	2822	79	542	Blitz
815	766	5785	1	7731	8259	1	529	Blitz
816	1175	5786	1	1800	3461	1	534	Blitz
817	83	5787	1	16464	16906	121	563	Blitz
818	83	5788	0	9048	9574	33	559	Blitz
819	4953	5789	1	3694	4341	6	653	Blitz
820	893	5791	0	488	2313	1	495	Blitz
821	4562	5790	1	2619	3192	1	574	Blitz
822	3866	5793	1	345	1149	1	515	Blitz
823	4412	5792	1	11540	12331	1	572	Blitz
824	3779	5794	0	2027	2584	211	768	Blitz
825	890	5795	1	661	1253	1	593	Blitz
826	800	5796	0	2157	2810	1	587	Blitz
827	3530	5800	0	4986	6162	22	551	Blitz
828	1634	5799	1	2769	3279	1	511	Blitz
829	1911	5801	1	10289	10859	1	571	Blitz
830	1469	5797	1	2264	2788	1	525	Blitz
831	3773	5798	0	13745	14333	23	611	Blitz
832	3264	5710	0	853	1726	1	841	Blitz
833	4677	5390	1	19448	21741	6	2300	Blitz
834	4677	5389	1	19448	21741	6	2194	Blitz
835	113	5802	1	26	537	115	526	Blitz
836	2210	5803	1	1273	1858	1	589	Blitz
837	2695	5804	1	13205	14240	1	592	Blitz
838	4105	5805	0	8973	9800	104	860	Blitz
839	3784	5807	0	2448	3445	1	998	Blitz
840	4798	5808	1	7116	8499	1	997	Blitz
841	3414	5809	1	11441	12400	1	886	Blitz
842	1640	5810	1	12199	12587	206	594	Blitz
843	2695	5811	1	13831	14228	36	433	Blitz
844	3287	5812	0	1945	2808	1	864	Blitz
845	4562	5813	0	2618	3220	1	604	Blitz
846	3463	5814	1	10994	11682	1	692	Blitz
847	1804	5815	1	7877	8426	122	558	Blitz
848	4158	5816	1	4299	4794	1	539	Blitz
849	2840	5817	0	6591	7394	1	814	Blitz
850	4615	5818	0	4285	4615	214	554	Blitz
851	2893	5820	1	4339	6403	1	669	Blitz
852	2893	5819	1	4339	6403	1	785	Blitz
853	1943	5822	0	9041	9687	1	647	Blitz
854	4812	5821	1	3734	4429	1	696	Blitz
855	3922	5823	0	1234	1757	1	524	Blitz
856	3533	5824	0	1609	2663	1	700	Blitz
857	1205	5825	1	1675	4342	1	649	Blitz
858	3491	5826	0	81	1356	1	789	Blitz
859	3324	5827	0	7026	8036	1	767	Blitz
860	2584	5828	1	4643	6336	21	874	Blitz
861	3869	5829	1	5493	6359	1	867	Blitz
862	3144	5830	0	14244	15061	2	419	Blitz
863	3305	5832	1	3598	4341	13	642	Blitz
864	4892	5833	1	1697	4493	1	1158	Blitz
865	3075	5834	1	711	1908	2	686	Blitz
866	4841	5836	0	13002	13756	1	571	Blitz
867	1041	5835	0	10860	11284	1	425	Blitz
868	763	5837	0	986	6283	1	1160	Blitz
869	2366	5838	0	4180	4874	1	529	Blitz
870	2446	5839	0	13409	14703	106	637	Blitz
871	3519	5840	1	6596	7227	63	694	Blitz
872	3866	5841	1	321	1149	75	613	Blitz
873	265	5842	1	6457	7334	1	878	Blitz
874	4167	5844	1	14231	14579	181	543	Blitz
875	4167	5843	1	14108	14579	76	547	Blitz
876	277	5845	0	4189	6335	11	574	Blitz
877	4616	5846	0	38	4135	1	1262	Blitz
878	3414	5847	0	10899	12246	102	1321	Blitz
879	83	5848	1	14677	15484	177	984	Blitz
880	83	5849	1	13340	15484	1	2145	Blitz
881	3885	5850	0	3658	4453	11	759	Blitz
882	3754	5851	1	2048	6956	1	1038	Blitz
883	4162	5852	1	6256	8861	1	1417	Blitz
884	4047	5853	1	428	1622	1	766	Blitz
885	3690	5854	0	8094	10380	1	1075	Blitz
886	19	5855	0	1587	3431	213	762	Blitz
887	19	5856	0	1587	3431	213	832	Blitz
888	2366	5858	0	2374	3094	1	643	Blitz
889	2121	5859	0	1446	6546	260	1257	Blitz
890	1370	5864	1	3141	3747	38	701	Blitz
891	4142	5860	0	3273	6927	1	1550	Blitz
892	1370	5863	1	3141	3747	38	644	Blitz
893	563	5861	0	80	4183	1	1165	Blitz
894	563	5862	0	80	4183	1	1141	Blitz
895	2210	5866	1	14442	16446	350	1049	Blitz
896	2210	5865	1	14152	16446	1	990	Blitz
897	3957	5867	1	15167	16925	1	694	Blitz
898	3533	5868	0	2168	2610	56	500	Blitz
899	2255	5869	1	760	1450	1	581	Blitz
900	3199	5870	0	2363	3928	1	1566	Blitz
901	4801	5872	0	22874	23438	1	565	Blitz
902	3072	5871	0	15643	16156	15	534	Blitz
903	4117	5873	1	18820	20101	18	484	Blitz
904	3395	5874	1	9000	9690	61	499	Blitz
905	1637	5875	1	2011	3162	1	764	Blitz
906	4386	5876	1	13129	13820	1	692	Blitz
907	974	5877	0	3710	6101	5	2379	Blitz
908	974	5878	0	3710	6101	5	2379	Blitz
909	4529	5879	1	19746	20409	1	664	Blitz
910	2415	5880	0	5263	5961	90	722	Blitz
911	550	5882	1	10637	14309	175	1727	Blitz
912	550	5881	1	10637	14309	175	1695	Blitz
913	4164	5883	1	2011	3784	1	1379	Blitz
914	3210	5884	1	7037	8081	1	923	Blitz
915	310	5885	1	303	3395	1	1169	Blitz
916	3548	5806	1	9590	10211	1	524	Blitz
917	278	5886	1	9866	10650	1	724	Blitz
918	3395	5887	0	1295	4296	1	2184	Blitz
919	3733	5889	1	19078	21183	133	888	Blitz
920	3872	5891	0	6390	7642	1	664	Blitz
921	3872	5890	0	6390	7642	1	828	Blitz
922	2979	5892	0	2419	3240	1	821	Blitz
923	256	5857	1	2122	2884	1	763	Blitz
924	4688	5894	1	1071	1670	1	600	Blitz
925	4688	5893	1	1071	4949	1	2067	Blitz
926	3167	5895	0	13392	14666	1	1177	Blitz
927	853	5896	0	4173	5680	1	880	Blitz
928	3167	5897	1	15600	18643	1	615	Blitz
929	3463	5899	0	14201	15349	1	886	Blitz
930	4981	5898	1	156	3255	1	1244	Blitz
931	2414	5900	1	2531	6931	1	808	Blitz
932	717	5901	0	5226	5735	1	510	Blitz
933	890	5903	0	1749	2195	1	447	Blitz
934	890	5902	0	1335	2195	1	861	Blitz
935	3730	5904	0	4110	4597	1	488	Blitz
936	3172	5905	0	9014	9921	1	635	Blitz
937	1034	5905	1	3410	4227	1	635	Blitz
938	3264	5831	0	853	1648	1	763	Blitz
939	1634	5908	0	6053	6548	67	561	Blitz
940	4167	5909	0	18207	19133	1	849	Blitz
941	4616	5910	0	4576	6768	236	1159	Blitz
942	3011	5911	0	6118	7148	1	935	Blitz
943	4638	5912	1	6018	7642	1	1062	Blitz
944	1867	5914	0	810	1232	1	423	Blitz
945	4779	5916	1	5158	8775	296	1256	Blitz
946	4779	5915	1	5158	8775	296	1307	Blitz
947	4162	5917	1	15398	16182	67	785	Blitz
948	845	5917	1	1084	1943	152	785	Blitz
949	2295	5888	0	730	4552	1	1136	Blitz
950	4272	5907	1	8714	9290	61	618	Blitz
951	766	5922	1	7943	9162	1	1068	Blitz
952	3563	5918	0	508	4500	1	2567	Blitz
953	1945	5913	0	16750	17283	58	558	Blitz
954	3908	5923	1	1513	2184	1	663	Blitz
955	4616	5924	0	21957	26102	1	1076	Blitz
956	4134	5920	1	1200	4145	1	1817	Blitz
957	4134	5921	1	1200	4145	1	1817	Blitz
958	3119	5919	0	5151	5683	198	744	Blitz
959	4451	5926	0	4417	5911	1	804	Blitz
960	4357	5925	1	2478	3564	1	750	Blitz
961	3800	5930	1	1	528	182	709	Blitz
962	853	5927	0	5660	6397	1	736	Blitz
963	4527	5929	0	10078	12239	1	1501	Blitz
964	4527	5928	0	10078	12090	309	1670	Blitz
965	2833	5931	1	3992	4391	109	508	Blitz
966	1478	5932	0	9734	10257	34	531	Blitz
967	3017	5934	0	17649	18240	4	751	Blitz
968	2210	5933	1	14792	15832	1	1041	Blitz
969	2966	5936	0	3943	5317	1	724	Blitz
970	3815	5935	1	23367	26433	507	1437	Blitz
971	4528	5937	1	4236	8966	1	1269	Blitz
972	4122	5938	0	1537	2948	1	1412	Blitz
973	2966	5939	0	6398	9031	1	1024	Blitz
974	3287	5940	0	2789	4164	1	1376	Blitz
975	717	5942	0	1943	2663	1	506	Blitz
976	4866	5941	1	338	7304	1	1627	Blitz
977	4536	5943	1	2962	3808	1	527	Blitz
978	4536	5944	1	2943	3808	106	614	Blitz
979	3199	5945	1	6189	10071	1	2096	Blitz
980	352	5946	1	9444	10771	1	824	Blitz
981	352	5947	1	9444	10771	1	804	Blitz
982	352	5948	1	9444	10771	1	880	Blitz
983	352	5949	1	9444	10771	1	900	Blitz
984	4752	5952	0	5989	8599	1	1430	Blitz
985	1021	5953	1	16678	17532	18	860	Blitz
986	3585	5954	0	8863	9630	1	621	Blitz
987	4823	5955	0	328	835	1	509	Blitz
988	3837	5950	0	3361	6705	1	1087	Blitz
989	3398	5950	0	1	7935	1	1049	Blitz
990	3837	5951	0	3361	6705	1	1098	Blitz
991	3360	5956	1	2236	3431	1	926	Blitz
992	684	5957	1	12296	12891	2	600	Blitz
993	182	5958	0	2766	3428	1	673	Blitz
994	4683	5959	0	5041	8925	47	1778	Blitz
995	4515	5960	1	7620	8537	1	918	Blitz
996	2488	5963	1	7965	8548	1	584	Blitz
997	2488	5961	1	9353	11494	1	1169	Blitz
998	2488	5964	1	7965	11494	1	1187	Blitz
999	2488	5962	1	9353	11477	1	1152	Blitz
1000	2488	5966	1	7965	11494	1	1116	Blitz
1001	2488	5965	1	7965	11477	1	1170	Blitz
1002	2488	5967	1	7965	11477	1	1099	Blitz
1003	2761	5968	0	12491	13501	1	1005	Blitz
1004	4862	5969	1	7072	11218	1	1489	Blitz
1005	4594	5970	0	1	2937	36	1521	Blitz
1006	3755	5971	0	941	1648	4	711	Blitz
1007	83	5977	1	7967	9972	1	2006	Blitz
1008	83	5975	1	7967	9972	1	2006	Blitz
1009	2559	5978	0	12820	16016	299	862	Blitz
1010	83	5974	1	7967	9972	1	2006	Blitz
1011	83	5976	1	7967	9972	1	2006	Blitz
1012	2394	5980	0	3659	3992	34	367	Blitz
1013	2394	5979	0	3659	4558	9	730	Blitz
1014	4122	5981	1	4397	7941	1	1460	Blitz
1015	2311	5982	0	14440	15582	56	647	Blitz
1016	1132	5983	0	4487	5865	1	1427	Blitz
1017	3572	5984	1	1655	3058	84	1487	Blitz
1018	4565	5985	1	763	1940	1	1178	Blitz
1019	4488	5986	0	11205	12600	1	674	Blitz
1020	961	5987	0	10241	10851	1	611	Blitz
1021	961	5988	0	9838	10851	1	1014	Blitz
1022	166	5990	0	9017	10359	1	721	Blitz
1023	166	5989	0	8741	10359	1	905	Blitz
1024	2204	5991	1	1889	2515	339	963	Blitz
1025	277	5992	0	378	3422	1	744	Blitz
1026	4873	5993	0	1316	1751	40	504	Blitz
1027	3914	5995	0	532	5843	1	1710	Blitz
1028	3955	5994	1	2021	6197	1	2133	Blitz
1029	3250	5996	0	945	2750	1	1769	Blitz
1030	1175	5997	0	4340	5134	1	795	Blitz
1031	3593	5999	0	24785	25935	1	1043	Blitz
1032	788	5906	1	440	1982	21	971	Blitz
1033	550	6002	0	2995	4305	1	926	Blitz
1034	2224	6001	1	25353	26430	1	1034	Blitz
1035	3393	6000	1	19670	21291	9	1450	Blitz
1036	3445	6006	0	1	641	1	391	Blitz
1037	3445	6007	0	1	641	1	379	Blitz
1038	3445	6003	0	1	641	1	634	Blitz
1039	3445	6008	0	1	641	1	648	Blitz
1040	3445	6004	0	1	641	1	646	Blitz
1041	3445	6005	0	1	641	1	660	Blitz
1042	1064	5972	0	3746	4760	1	996	Blitz
1043	123	6009	0	5563	6688	55	946	Blitz
1044	3898	6010	1	1263	2553	11	916	Blitz
1045	3898	6012	1	1263	2553	11	982	Blitz
1046	3898	6013	1	1263	2553	11	1001	Blitz
1047	3898	6011	1	1263	2553	11	897	Blitz
1048	3199	6014	0	3946	5253	1	752	Blitz
1049	83	6015	0	9924	13226	1	1827	Blitz
1050	83	6016	0	9924	11863	1	1896	Blitz
1051	3046	6018	0	2167	2975	1	717	Blitz
1052	3046	6018	0	5138	5843	71	606	Blitz
1053	3046	6017	0	5039	5971	1	762	Blitz
1054	3046	6017	0	2278	2905	129	664	Blitz
1055	3498	6020	0	3681	6067	1	1271	Blitz
1056	3498	6019	0	3681	6067	1	1291	Blitz
1057	2274	6023	0	16177	25047	30	1103	Blitz
1058	2274	6022	0	16177	25047	30	1114	Blitz
1059	2274	6024	0	16177	25047	30	1612	Blitz
1060	2274	6021	0	16177	25047	30	1623	Blitz
1061	4869	6025	0	1	2569	1	1469	Blitz
1062	1637	6026	1	1	1793	112	823	Blitz
1063	3585	6027	1	9611	14979	1	1525	Blitz
1064	1113	5973	0	5559	6163	1	604	Blitz
1065	3284	6028	0	455	1042	1	588	Blitz
1066	2042	6029	0	1	2317	1	1762	Blitz
1067	3731	6030	1	441	5920	410	2030	Blitz
1068	3974	6035	0	1417	2444	2	1029	Blitz
1069	4217	6034	1	2986	4100	2	1115	Blitz
1070	796	6036	0	3850	6336	76	1045	Blitz
1071	1347	6038	0	9566	11322	1	996	Blitz
1072	962	6037	0	13301	13774	62	496	Blitz
1073	754	5998	1	8322	8952	1	630	Blitz
1074	1819	5998	1	29054	29683	1	630	Blitz
1075	2210	6039	1	8246	9751	1	924	Blitz
1076	831	6040	0	9220	13388	636	2475	Blitz
1077	831	6041	0	9220	13388	799	2638	Blitz
1078	2977	6042	0	12334	15916	1	1186	Blitz
1079	3934	6043	1	6795	10259	307	1284	Blitz
1080	3934	6045	1	6795	10259	307	1210	Blitz
1081	3934	6046	1	6767	10259	188	1193	Blitz
1082	3934	6044	1	6767	10259	188	1119	Blitz
1083	4223	6047	0	411	4663	1	1416	Blitz
1084	4815	6033	1	16440	17341	1	590	Blitz
1085	3094	6031	0	16444	32823	1	845	Blitz
1086	3718	6048	1	1504	2641	1	541	Blitz
1087	4959	6049	1	700	3437	1	2010	Blitz
1088	4959	6050	1	700	3437	1	2019	Blitz
1089	158	6051	1	20461	21258	79	792	Blitz
1090	2210	6052	0	5	3933	1	3120	Blitz
1091	2726	6054	1	11932	13690	117	976	Blitz
1092	2726	6055	1	10885	13690	3	1081	Blitz
1093	2726	6058	1	10885	12333	3	531	Blitz
1094	4343	6053	1	1693	3822	1	1709	Blitz
1095	2726	6057	1	11932	13690	419	1278	Blitz
1096	2726	6056	1	10885	13866	3	1171	Blitz
1097	2726	6059	1	11932	13866	117	1066	Blitz
1098	3780	6061	1	21886	23547	164	631	Blitz
1099	2726	6060	1	11932	13866	419	1368	Blitz
1100	4034	6063	0	1598	3015	372	1349	Blitz
1101	4034	6064	0	1598	4412	1	1617	Blitz
1102	2035	6065	0	420	2857	19	2456	Blitz
1103	1758	6032	0	14853	15724	1	873	Blitz
1104	3671	6066	0	794	1921	676	1775	Blitz
1105	1588	6067	0	16339	18838	1	876	Blitz
1106	4585	6068	1	100	3971	1	1890	Blitz
1107	1688	6070	0	22944	24500	1	1442	Blitz
1108	1688	6069	0	22944	24500	1	1305	Blitz
1109	2975	6062	0	1694	2579	7	896	Blitz
1110	2451	6062	0	3514	4416	1	896	Blitz
1111	4744	6071	0	178	5395	1	2222	Blitz
1112	3457	6072	0	4002	9490	16	1761	Blitz
1113	459	6074	1	318	904	1	587	Blitz
1114	654	6074	0	1325	1911	1	587	Blitz
1115	2853	6074	1	1783	2369	1	587	Blitz
1116	4306	6073	1	5598	9943	1	2061	Blitz
1117	2796	6075	0	1988	2609	1	539	Blitz
1118	1259	6078	0	1682	2287	1	507	Blitz
1119	1259	6077	0	1682	2349	5	573	Blitz
1120	1259	6079	0	1956	3434	1	793	Blitz
1121	1259	6076	0	1956	3205	135	804	Blitz
1122	4798	6080	0	5857	6395	1	539	Blitz
1123	4585	6081	1	18024	18680	1	657	Blitz
1124	4727	6082	1	1168	2735	1	1468	Blitz
1125	3758	6083	0	11922	13322	23	647	Blitz
1126	3026	6086	1	3348	4286	17	608	Blitz
1127	3026	6088	1	3306	4477	1	825	Blitz
1128	3026	6087	1	3306	4477	1	956	Blitz
1129	3026	6085	1	3306	4477	1	1041	Blitz
1130	3026	6084	1	3306	4477	1	1172	Blitz
1131	760	6089	1	265	2933	208	2376	Blitz
1132	4562	6094	1	1225	3363	1	661	Blitz
1133	4562	6090	1	1225	3363	1	852	Blitz
1134	4562	6093	1	1225	3363	1	864	Blitz
1135	4562	6092	1	1225	3363	1	1034	Blitz
1136	4562	6091	1	1225	3363	1	1046	Blitz
1137	1347	6096	0	618	2845	1	775	Blitz
1138	3514	6095	0	628	3045	1	1641	Blitz
1139	719	6097	1	14288	15818	1	531	Blitz
1140	4415	6098	1	2728	3189	1	510	Blitz
1141	3544	6100	1	3567	4616	1	1050	Blitz
1142	470	6099	0	283	4335	1	1999	Blitz
1143	3387	6101	0	737	5412	1	2058	Blitz
1144	4759	6103	0	2719	4878	1	2218	Blitz
1145	4759	6102	0	2719	4878	1	2153	Blitz
1146	3208	6104	0	4975	6514	716	1991	Blitz
1147	2236	6106	0	11590	12795	114	670	Blitz
1148	1175	6105	1	777	5127	279	2567	Blitz
1149	4736	6112	1	6391	8481	306	1502	Blitz
1150	4736	6107	1	6391	8481	306	1502	Blitz
1151	4736	6108	1	6391	8372	306	1398	Blitz
1152	4736	6110	1	6391	8372	306	1355	Blitz
1153	4736	6111	1	6391	8481	483	1679	Blitz
1154	4736	6109	1	6391	8481	483	1636	Blitz
1155	4736	6114	1	6391	8481	306	1459	Blitz
1156	4736	6117	1	6391	8372	483	1575	Blitz
1157	4736	6113	1	6391	8481	483	1679	Blitz
1158	4736	6115	1	6391	8481	306	1459	Blitz
1159	4736	6116	1	6391	8481	483	1636	Blitz
1160	3309	6118	0	663	2490	1	1370	Blitz
1161	4105	6119	1	6398	8326	8	884	Blitz
1162	4918	6121	0	395	2178	31	1163	Blitz
1163	4918	6120	0	395	2178	31	1177	Blitz
1164	1911	6122	0	10992	15965	1	2520	Blitz
1165	4964	6124	1	2121	6892	246	1371	Blitz
1166	4964	6123	1	2121	6892	246	1359	Blitz
1167	4515	6125	0	6126	7637	1	1512	Blitz
1168	3702	6126	1	11271	12205	1	827	Blitz
1169	2417	6127	0	1	2361	1	2270	Blitz
1170	1242	6128	1	4247	4925	1	679	Blitz
1171	3690	6129	0	2654	7419	31	2173	Blitz
1172	3690	6130	0	2654	7529	1	2253	Blitz
1173	4246	6131	1	42	1290	595	1565	Blitz
1174	3756	6132	1	23217	25870	1	2567	Blitz
1175	4421	6133	0	2791	3569	1	672	Blitz
1176	890	6136	0	3938	4409	223	694	Blitz
1177	890	6135	0	2642	4409	223	1453	Blitz
1178	890	6134	0	2642	4409	223	1543	Blitz
1179	550	6137	0	4469	9600	1	1774	Blitz
1180	2412	6138	0	14828	15205	1	379	Blitz
1181	2412	6138	0	8585	8963	1	380	Blitz
1182	2332	6139	1	8650	9415	1	781	Blitz
1183	3268	6140	1	5711	6904	1	776	Blitz
1184	3268	6141	1	5711	7074	1	946	Blitz
1185	4710	6142	1	849	3291	1	1582	Blitz
1186	4710	6143	1	1402	3291	603	1631	Blitz
1187	101	6144	1	11456	13654	98	1224	Blitz
1188	3502	6145	1	9763	10330	1	545	Blitz
1189	4484	6146	1	6415	7209	1	798	Blitz
1190	4455	6147	1	600	4566	1	1032	Blitz
1191	1210	6149	0	1038	1765	49	625	Blitz
1192	1210	6150	0	1137	1765	49	623	Blitz
1193	1210	6148	0	1137	3149	1	958	Blitz
1194	113	6156	0	1625	2838	161	1138	Blitz
1195	113	6153	0	1625	2838	196	1173	Blitz
1196	113	6152	0	1625	2838	196	1251	Blitz
1197	113	6151	0	1625	2838	161	1216	Blitz
1198	113	6157	0	1625	2838	161	1232	Blitz
1199	113	6155	0	1625	2838	196	1345	Blitz
1200	113	6154	0	1625	2838	196	1267	Blitz
1201	113	6158	0	1625	2838	161	1310	Blitz
1202	2225	6159	0	13608	16321	127	1533	Blitz
1203	2225	6160	0	13608	16321	127	1554	Blitz
1204	3319	6161	0	6909	7498	159	748	Blitz
1205	1248	6164	0	7769	8948	264	1455	Blitz
1206	1248	6166	0	7769	8948	298	1489	Blitz
1207	1248	6165	0	7769	8948	278	1469	Blitz
1208	3908	6167	0	3390	4417	75	768	Blitz
1209	3908	6168	0	3390	4417	75	814	Blitz
1210	1641	6169	0	425	1996	188	653	Blitz
1211	1641	6171	0	247	1996	188	733	Blitz
1212	1641	6170	0	425	2155	29	653	Blitz
1213	1641	6172	0	247	2155	29	733	Blitz
1214	3046	6173	0	6584	8746	1	1373	Blitz
1215	3996	6174	0	7456	8674	587	1805	Blitz
1216	3305	6175	1	4752	5851	1	727	Blitz
1217	4759	6178	1	3149	4140	596	1587	Blitz
1218	4759	6176	1	3149	4140	616	1607	Blitz
1219	4759	6177	1	3149	4140	632	1623	Blitz
1220	1253	6179	1	23918	25254	1	1337	Blitz
1221	693	6180	1	26800	28643	1	358	Blitz
1222	693	6182	1	26800	28929	1	518	Blitz
1223	693	6181	1	26800	28929	1	641	Blitz
1224	2677	6183	1	12216	14642	1	1507	Blitz
1225	2677	6184	1	12216	14642	1	1445	Blitz
1226	4043	6186	0	5132	7396	1	1613	Blitz
1227	4043	6185	0	5132	7396	1	1596	Blitz
1228	352	6187	1	11865	13750	124	1807	Blitz
1229	3144	6188	1	15504	15961	1	386	Blitz
1230	3144	6189	1	15504	16210	1	635	Blitz
1231	2761	6190	1	9215	10648	1	660	Blitz
1232	3848	6191	0	2669	4154	29	673	Blitz
1233	4803	6192	0	2056	9570	49	1946	Blitz
1234	4803	6194	0	2056	9623	1	1925	Blitz
1235	4803	6193	0	2056	8714	146	1920	Blitz
1236	4122	6195	1	10075	12825	1	1242	Blitz
1237	4122	6196	1	10075	12825	1	1242	Blitz
1238	1395	6197	0	4914	5428	88	602	Blitz
1239	2716	6199	1	605	7026	13	804	Blitz
1240	2716	6199	1	4589	6928	1	736	Blitz
1241	2716	6198	1	4589	11249	1	1120	Blitz
1242	2716	6198	1	605	3378	13	1120	Blitz
1243	1662	6201	1	3925	5158	1	1210	Blitz
1244	2716	6200	1	4589	5603	1	1015	Blitz
1245	2716	6200	1	605	1607	13	1015	Blitz
1246	877	6202	0	1363	3141	51	1148	Blitz
1247	877	6203	0	1363	3289	1	1174	Blitz
1248	1401	6209	0	1786	4003	1	965	Blitz
1249	1401	6207	0	1786	4003	1	989	Blitz
1250	1401	6206	0	1320	4003	1	1429	Blitz
1251	1401	6208	0	1320	4003	1	1453	Blitz
1252	877	6205	0	1363	3289	1	1246	Blitz
1253	877	6204	0	1363	3289	1	1174	Blitz
1254	4162	6210	0	2016	4485	1	1792	Blitz
1255	351	6211	1	1380	4419	1	1244	Blitz
1256	4090	6212	1	11711	14819	1	1948	Blitz
1257	3046	6213	1	11106	12520	1	1415	Blitz
1258	3461	6214	1	2121	5974	7	1178	Blitz
1259	3461	6215	1	1776	5974	11	1274	Blitz
1260	3401	6216	0	5530	10200	90	738	Blitz
1261	3561	6217	1	1	1106	64	1169	Blitz
1262	853	6218	0	7083	8572	2	1491	Blitz
1263	791	6219	1	2406	4645	1	1580	Blitz
1264	791	6220	1	2424	4645	4	1613	Blitz
1265	2478	6223	1	52768	53322	1	555	Blitz
1266	2478	6222	1	50474	53322	1	2553	Blitz
1267	4504	6224	1	10383	13417	1	1799	Blitz
1268	1944	6221	0	4356	5038	26	708	Blitz
1269	4451	6226	0	5890	7446	140	1626	Blitz
1270	1689	6225	0	6435	7100	1	665	Blitz
1271	2394	6227	0	1585	2380	1	614	Blitz
1272	1585	6228	1	13312	16094	1	2783	Blitz
1273	4817	6229	1	943	2404	1	647	Blitz
1274	3762	6235	0	10897	12466	1	1495	Blitz
1275	3762	6234	0	10897	12466	1	1411	Blitz
1276	3762	6233	0	10897	12466	1	1518	Blitz
1277	3762	6237	0	10897	12466	1	1434	Blitz
1278	3762	6232	0	10897	12194	439	1576	Blitz
1279	3762	6230	0	10897	12194	439	1599	Blitz
1280	3762	6231	0	10897	12194	439	1683	Blitz
1281	3762	6236	0	10897	12194	439	1660	Blitz
1282	3336	6239	1	5269	6459	1	1191	Blitz
1283	1943	6239	0	8151	9337	8	1194	Blitz
1284	4164	6240	0	13984	16501	129	1979	Blitz
1285	1397	6241	1	3961	5995	1	780	Blitz
1286	1397	6242	1	1506	5995	1	1551	Blitz
1287	793	6243	1	3360	6786	1	1634	Blitz
1288	3502	6244	0	6386	8319	284	1653	Blitz
1289	4539	6246	1	6518	7890	1	832	Blitz
1290	4539	6250	1	6518	7890	1	741	Blitz
1291	4539	6247	1	7877	8520	10	652	Blitz
1292	4539	6255	1	6518	7890	1	754	Blitz
1293	4539	6256	1	6518	7890	1	819	Blitz
1294	4539	6245	1	6518	8520	1	1283	Blitz
1295	4539	6252	1	6518	7890	1	1295	Blitz
1296	4539	6249	1	6518	7890	1	1386	Blitz
1297	4539	6251	1	6518	8520	1	1296	Blitz
1298	4539	6253	1	6518	7890	1	1308	Blitz
1299	4539	6248	1	6518	7890	1	1373	Blitz
1300	4539	6257	1	6518	8520	1	1374	Blitz
1301	4539	6259	1	6518	8520	1	1361	Blitz
1302	4539	6254	1	6518	8520	1	1915	Blitz
1303	4539	6260	1	6518	8520	1	1837	Blitz
1304	4539	6258	1	6518	8520	1	1841	Blitz
1305	4539	6261	1	6518	8520	1	1928	Blitz
1306	612	6262	0	5089	6419	1	500	Blitz
1307	3780	6263	1	17643	18340	7	705	Blitz
1308	4378	6263	1	4209	4909	7	708	Blitz
1309	686	6264	0	13802	14691	64	948	Blitz
1310	3793	6268	1	13771	14505	1	642	Blitz
1311	3793	6269	1	13771	14595	1	732	Blitz
1312	3793	6266	1	13771	16021	1	847	Blitz
1313	3793	6265	1	13771	16021	1	858	Blitz
1314	3793	6267	1	14950	16021	1	534	Blitz
1315	1649	6238	0	5532	6265	1	737	Blitz
1316	397	6270	1	3964	4828	4	868	Blitz
1317	1561	6272	1	5616	9264	61	1724	Blitz
1318	1561	6273	1	5616	9264	61	1659	Blitz
1319	1296	6271	1	5689	6449	115	535	Blitz
1320	4533	6274	0	19893	20471	252	830	Blitz
1321	4533	6275	0	19893	20471	268	846	Blitz
1322	4736	6276	1	5937	6347	19	429	Blitz
1323	4736	6277	1	4912	5723	418	1231	Blitz
1324	4203	6278	0	1771	4726	3	1215	Blitz
1325	3850	6282	1	1082	1780	80	586	Blitz
1326	3850	6281	1	1040	1780	104	652	Blitz
1327	3850	6285	1	1082	1780	80	655	Blitz
1328	3850	6284	1	1082	1780	80	786	Blitz
1329	3850	6283	1	1040	1780	104	721	Blitz
1330	3850	6280	1	1040	1780	104	852	Blitz
1331	4203	6279	0	1771	11217	307	3831	Blitz
1332	1290	6287	0	11620	12148	85	537	Blitz
1333	1290	6286	0	11564	12220	55	629	Blitz
1334	4496	6289	1	705	1753	6	508	Blitz
1335	4496	6288	1	858	1576	1	628	Blitz
1336	4496	6290	1	858	1753	1	697	Blitz
1337	4496	6291	1	858	2510	1	1200	Blitz
1338	904	6292	1	2578	5695	368	2922	Blitz
1339	4987	6298	0	1448	2695	68	589	Blitz
1340	4987	6296	0	1448	2695	68	729	Blitz
1341	4987	6293	0	1448	3175	1	683	Blitz
1342	4987	6294	0	1448	3175	1	823	Blitz
1343	4987	6301	0	1448	3801	1	833	Blitz
1344	4987	6299	0	1448	3801	1	973	Blitz
1345	4987	6297	0	1850	2202	172	524	Blitz
1346	4987	6295	0	1448	2202	172	686	Blitz
1347	4987	6300	0	1448	6325	16	1501	Blitz
1348	4987	6302	0	1448	6325	16	1641	Blitz
1349	2366	6304	0	2355	5336	117	2405	Blitz
1350	2366	6303	0	2094	5336	117	2666	Blitz
1351	904	6307	1	5120	6079	1	960	Blitz
1352	904	6306	1	5120	6079	1	910	Blitz
1353	904	6308	1	5120	6079	1	975	Blitz
1354	2833	6309	0	2887	3811	5	802	Blitz
1355	904	6305	1	2367	5132	1	2203	Blitz
1356	2977	6310	1	9658	10727	1	621	Blitz
1357	2977	6310	1	11248	12117	80	621	Blitz
1358	3700	6311	0	3874	4282	185	593	Blitz
1359	3974	6312	1	6696	8632	1	548	Blitz
1360	3974	6313	1	8138	8632	1	495	Blitz
1361	693	6314	1	29888	34614	1	1442	Blitz
1362	4664	6315	0	6397	7365	118	1015	Blitz
1363	4529	6316	1	17379	19769	3	1737	Blitz
1364	4529	6319	1	17379	19769	3	1719	Blitz
1365	4529	6321	1	17379	19769	3	1835	Blitz
1366	4529	6324	1	17379	19769	3	1737	Blitz
1367	4529	6317	1	17379	19769	3	1719	Blitz
1368	4529	6322	1	17379	19769	3	1853	Blitz
1369	4529	6327	1	17379	19769	3	1835	Blitz
1370	4529	6326	1	17379	19769	3	1853	Blitz
1371	4529	6320	1	17379	19769	3	2049	Blitz
1372	4529	6318	1	17379	19769	3	2165	Blitz
1373	4529	6325	1	17379	19769	3	2165	Blitz
1374	4529	6323	1	17379	19769	3	2049	Blitz
1375	3909	6330	0	9533	10632	1	762	Blitz
1376	3880	6328	1	15007	15547	1	539	Blitz
1377	2838	6335	1	16174	16818	1	645	Blitz
1378	2838	6331	1	12757	16818	1	1678	Blitz
1379	2838	6333	1	13474	16818	1	1295	Blitz
1380	3942	6337	0	9791	10386	1	597	Blitz
1381	3942	6341	0	9791	10386	1	512	Blitz
1382	2838	6332	1	13119	16818	582	2070	Blitz
1383	2838	6334	1	12267	16818	26	2062	Blitz
1384	3880	6329	1	15007	15698	1	690	Blitz
1385	1107	6338	0	1119	2084	1	865	Blitz
1386	3942	6336	0	7703	10386	1	403	Blitz
1387	1947	6340	1	6282	9515	1	467	Blitz
1388	1064	6340	1	1662	4928	1	467	Blitz
1389	3475	6344	0	17932	18792	444	1304	Blitz
1390	3942	6339	0	7703	10386	1	496	Blitz
1391	3942	6342	0	7703	10386	1	581	Blitz
1392	2270	6350	1	10123	10948	1	736	Blitz
1393	2270	6352	1	9018	10117	1	537	Blitz
1394	4063	6352	0	16717	17492	68	537	Blitz
1395	2270	6346	1	2627	8933	1	728	Blitz
1396	4063	6357	0	16717	19037	15	758	Blitz
1397	2270	6357	1	4250	10117	15	758	Blitz
1398	2270	6347	1	4250	10948	329	2161	Blitz
1399	4063	6347	0	15970	19037	329	2077	Blitz
1400	2270	6354	1	3209	10948	303	2185	Blitz
1401	4063	6354	0	15970	19847	294	2101	Blitz
1402	2270	6348	1	2627	10948	1	2346	Blitz
1403	2270	6345	1	2627	10948	1	2379	Blitz
1404	2270	6353	1	3204	10948	300	2223	Blitz
1405	4063	6353	0	15970	19852	291	2139	Blitz
1406	2270	6356	1	4250	10948	329	2197	Blitz
1407	4063	6356	0	15970	19037	329	2113	Blitz
1408	2270	6349	1	2627	10948	1	2382	Blitz
1409	2270	6358	1	3209	10948	303	2221	Blitz
1410	4063	6358	0	15970	19847	294	2137	Blitz
1411	2270	6351	1	2627	10948	1	2415	Blitz
1412	2270	6355	1	3204	10948	300	2187	Blitz
1413	4063	6355	0	15970	19852	291	2103	Blitz
1414	1943	6359	0	6886	8540	1	1452	Blitz
1415	3336	6359	1	6073	7140	1	1030	Blitz
1416	1943	6361	0	6886	8540	1	1423	Blitz
1417	3336	6361	1	6073	7139	1	1029	Blitz
1418	1943	6360	0	6886	8909	1	1830	Blitz
1419	3336	6360	1	5705	7139	2	1436	Blitz
1420	1943	6364	0	6886	8540	1	1452	Blitz
1421	3336	6364	1	6073	7139	1	1029	Blitz
1422	1943	6365	0	6886	8540	1	1423	Blitz
1423	3336	6365	1	6073	7140	1	1030	Blitz
1424	1943	6362	0	6886	8909	1	1859	Blitz
1425	3336	6362	1	5705	7139	2	1436	Blitz
1426	1943	6363	0	6886	8909	1	1859	Blitz
1427	3336	6363	1	5705	7140	2	1437	Blitz
1428	1943	6366	0	6886	8909	1	1830	Blitz
1429	3336	6366	1	5705	7140	2	1437	Blitz
1430	2930	6367	1	6475	6931	3	488	Blitz
1431	3730	6369	1	7835	9596	8	1769	Blitz
1432	3520	6370	0	2071	3562	1	778	Blitz
1433	3520	6371	0	2046	3562	1	803	Blitz
1434	2666	6343	0	4035	5396	5	1351	Blitz
1435	352	6373	0	4273	6195	394	1213	Blitz
1436	4526	6372	1	282	3184	1	2679	Blitz
1437	845	6378	1	1145	3085	202	1485	Blitz
1438	845	6374	1	891	2834	1	1390	Blitz
1439	845	6376	1	1145	3685	202	1607	Blitz
1440	845	6375	1	1122	3685	223	1660	Blitz
1441	4162	6375	1	15753	16957	389	1484	Blitz
1442	845	6377	1	891	3685	1	1670	Blitz
1443	4162	6377	1	15543	16957	270	1494	Blitz
1444	4426	6379	1	6446	7498	129	526	Blitz
1445	4426	6380	1	5817	7498	50	759	Blitz
1446	4426	6381	1	5817	7498	50	776	Blitz
1447	113	6384	0	507	1534	1	859	Blitz
1448	113	6383	0	507	1534	1	933	Blitz
1449	4504	6385	1	3834	8123	58	2004	Blitz
1450	4504	6386	1	3834	8123	58	1966	Blitz
1451	3352	6388	1	1	518	66	539	Blitz
1452	3352	6393	1	1	768	66	581	Blitz
1453	3352	6389	1	216	1615	315	1263	Blitz
1454	3352	6397	1	257	1615	264	1171	Blitz
1455	3352	6391	1	260	1615	300	1298	Blitz
1456	3352	6396	1	260	1615	300	1204	Blitz
1457	3352	6387	1	216	1615	315	1357	Blitz
1458	3352	6390	1	216	1615	282	1324	Blitz
1459	3352	6395	1	216	1615	282	1230	Blitz
1460	3352	6394	1	227	1615	642	1579	Blitz
1461	3352	6392	1	227	1615	642	1673	Blitz
1462	765	6401	0	1766	3299	1	1534	Blitz
1463	4375	6400	1	4435	7790	1	2930	Blitz
1464	4375	6399	1	4435	7790	1	2918	Blitz
1465	4375	6398	1	4435	7790	1	3018	Blitz
1466	680	6403	1	6296	7206	1	820	Blitz
1467	680	6402	1	3446	7206	1	2870	Blitz
1468	3755	6405	1	631	2074	892	2335	Blitz
1469	3755	6404	1	631	2074	815	2258	Blitz
1470	1023	6368	1	29200	30099	20	674	Blitz
1471	2966	6414	1	21	1297	13	767	Blitz
1472	2966	6407	1	21	4283	13	1764	Blitz
1473	2966	6413	1	21	4000	13	1349	Blitz
1474	2966	6412	1	21	4283	13	1764	Blitz
1475	2966	6409	1	21	4949	13	1979	Blitz
1476	2966	6406	1	21	4000	13	1818	Blitz
1477	2966	6411	1	21	4000	13	1608	Blitz
1478	2966	6408	1	21	4283	13	2023	Blitz
1479	2966	6416	1	21	4949	13	1733	Blitz
1480	2966	6410	1	21	4949	13	2238	Blitz
1481	2966	6417	1	21	4000	13	1559	Blitz
1482	2966	6415	1	21	4283	13	2023	Blitz
1483	3471	6418	0	9800	10909	2	531	Blitz
1484	3471	6419	0	9800	10933	1	554	Blitz
1485	3471	6421	0	8616	10933	1	827	Blitz
1486	3471	6420	0	8616	10982	368	1243	Blitz
1487	3471	6422	0	8603	10909	2	796	Blitz
1488	3471	6424	0	8616	10909	2	804	Blitz
1489	3471	6423	0	8603	10909	2	811	Blitz
1490	3694	6425	0	2925	3525	35	638	Blitz
1491	1719	6382	0	2710	3836	30	1144	Blitz
1492	717	6426	1	2123	5295	155	1755	Blitz
1493	814	6427	1	3129	5385	1	2257	Blitz
1494	796	6428	0	1	2738	1	1518	Blitz
1495	3758	6430	1	12529	13108	1	581	Blitz
1496	3758	6433	1	10952	12575	61	506	Blitz
1497	3758	6432	1	10952	13998	61	940	Blitz
1498	1641	6429	1	9354	9922	1	569	Blitz
1499	3758	6431	1	10952	13108	61	970	Blitz
1500	4511	6434	1	3194	6205	1	2119	Blitz
1501	4511	6435	1	3194	6118	1	2032	Blitz
1502	693	6436	1	25925	27097	82	695	Blitz
1503	693	6437	1	25946	27728	146	1056	Blitz
1504	693	6439	1	25946	27728	146	1158	Blitz
1505	693	6438	1	25925	27625	82	1125	Blitz
1506	693	6441	1	25925	27097	82	695	Blitz
1507	693	6442	1	25925	27728	82	1012	Blitz
1508	693	6440	1	25925	27625	82	1119	Blitz
1509	693	6445	1	25946	27625	146	1066	Blitz
1510	693	6447	1	25925	27625	82	1022	Blitz
1511	693	6448	1	25946	27097	146	738	Blitz
1512	693	6449	1	25925	27728	82	1115	Blitz
1513	693	6443	1	25925	27625	82	1222	Blitz
1514	693	6444	1	25946	27625	146	1265	Blitz
1515	693	6446	1	25946	27625	146	1163	Blitz
1516	693	6450	1	25946	27625	146	1168	Blitz
1517	4409	6451	1	38	410	186	558	Blitz
1518	1253	6452	0	19786	20449	1	696	Blitz
1519	4663	6453	0	24499	25552	111	869	Blitz
1520	3137	6457	0	3975	5096	1	761	Blitz
1521	3137	6454	0	3975	5096	1	761	Blitz
1522	3137	6458	0	3975	5096	1	761	Blitz
1523	3137	6455	0	1733	4316	454	1908	Blitz
1524	3137	6456	0	1733	5096	1	1956	Blitz
1525	2761	6459	1	13486	17348	3	1918	Blitz
1526	2332	6460	1	9328	9876	1	504	Blitz
1527	4932	6461	1	1169	2548	1	593	Blitz
1528	4986	6464	0	2283	3390	3	469	Blitz
1529	4386	6462	0	9255	12833	1	2280	Blitz
1530	4986	6466	0	2283	3265	180	606	Blitz
1531	4386	6463	0	9255	13088	1	2535	Blitz
1532	4986	6465	0	1874	3390	3	513	Blitz
1533	4986	6467	0	2283	3304	123	593	Blitz
1534	4986	6468	0	1874	3390	3	539	Blitz
1535	4672	6469	0	52	902	291	775	Blitz
1536	2695	6471	0	6877	7453	30	604	Blitz
1537	2695	6472	0	6877	7453	30	620	Blitz
1538	2695	6473	0	6877	12897	1	2090	Blitz
1539	3793	6470	0	8627	9253	1	625	Blitz
1540	3802	6475	0	5501	6315	158	984	Blitz
1541	4083	6474	1	9378	10116	1	731	Blitz
1542	3893	6474	1	52872	53604	10	731	Blitz
1543	2278	6477	1	1466	2641	167	536	Blitz
1544	1954	6476	0	5087	5516	158	586	Blitz
1545	1696	6479	0	70647	87869	56	844	Blitz
1546	4817	6478	1	8570	9031	159	620	Blitz
1547	3520	6481	1	1086	1660	166	572	Blitz
1548	3866	6482	0	16360	17298	133	1074	Blitz
1549	3866	6483	0	16009	17298	133	1259	Blitz
1550	3866	6484	0	16362	17241	235	1117	Blitz
1551	3866	6486	0	16009	17298	133	1259	Blitz
1552	3866	6487	0	13531	16527	6	893	Blitz
1553	3866	6491	0	15410	16527	6	626	Blitz
1554	3866	6485	0	15414	17241	235	1571	Blitz
1555	3866	6490	0	16362	17298	133	1072	Blitz
1556	3866	6489	0	15414	17298	133	1526	Blitz
1557	3866	6492	0	13531	17298	133	1794	Blitz
1558	3866	6488	0	13531	17241	235	1839	Blitz
1559	3866	6493	0	13354	17298	133	1869	Blitz
1560	1696	6480	0	70805	87869	56	686	Blitz
1561	3915	6495	1	9942	10344	27	430	Blitz
1562	3915	6499	1	9942	10338	27	424	Blitz
1563	3915	6497	1	9883	10338	2	457	Blitz
1564	3915	6506	1	9883	10344	2	463	Blitz
1565	3915	6510	1	9942	10338	27	424	Blitz
1566	3915	6508	1	9883	10344	2	463	Blitz
1567	3915	6511	1	9883	10338	2	457	Blitz
1568	3915	6515	1	9883	10338	2	457	Blitz
1569	3915	6501	1	5218	10344	1	798	Blitz
1570	3915	6504	1	5218	10338	1	792	Blitz
1571	3915	6525	1	9942	10344	27	430	Blitz
1572	3915	6522	1	5218	10344	1	798	Blitz
1573	3915	6526	1	5218	10338	1	792	Blitz
1574	3915	6527	1	5218	10338	1	792	Blitz
1575	4812	6528	1	4630	5218	1	589	Blitz
1576	3061	6529	1	6854	8570	1	1406	Blitz
1577	312	6530	0	7501	9492	167	1355	Blitz
1578	4060	6531	0	1	2835	35	1101	Blitz
1579	3561	6532	0	1210	1858	1	606	Blitz
1580	2210	6533	0	11937	13932	1	1064	Blitz
1581	3915	6500	1	864	10338	1	2185	Blitz
1582	2838	6534	0	6838	7188	164	511	Blitz
1583	3915	6518	1	864	10344	1	2191	Blitz
1584	3708	6535	0	8166	8855	47	737	Blitz
1585	2505	6536	0	636	1818	1	530	Blitz
1586	3395	6537	0	2242	3115	1	874	Blitz
1587	3825	6538	0	18827	19201	1	374	Blitz
1588	2100	6539	0	3377	3931	1	555	Blitz
1589	310	6540	1	4007	5399	81	778	Blitz
1590	3915	6502	1	864	10338	1	2284	Blitz
1591	84	6543	0	2973	3561	183	771	Blitz
1592	3915	6517	1	864	10338	1	2185	Blitz
1593	2270	6542	0	4812	5731	32	877	Blitz
1594	717	6544	0	815	1625	1	780	Blitz
1595	3915	6516	1	864	10325	1	2271	Blitz
1596	1395	6545	1	25286	27339	1	1565	Blitz
1597	4947	6546	1	2141	4726	1	1117	Blitz
1598	3915	6494	1	810	10325	13	2338	Blitz
1599	3915	6505	1	779	10325	1	2357	Blitz
1600	401	6547	1	2208	2782	1	518	Blitz
1601	3915	6498	1	779	10338	1	2271	Blitz
1602	2850	6548	1	4135	5714	1	842	Blitz
1603	1900	6549	1	12070	12625	1	556	Blitz
1604	3915	6509	1	864	10338	1	2185	Blitz
1605	2840	6550	0	6012	8259	1	1049	Blitz
1606	83	6551	0	4720	5832	1	1113	Blitz
1607	1634	6552	1	1914	3042	18	1153	Blitz
1608	3915	6512	1	810	10325	13	2239	Blitz
1609	3915	6503	1	779	10338	1	2271	Blitz
1610	3358	6553	0	2260	3549	1	982	Blitz
1611	3915	6520	1	779	10325	1	2258	Blitz
1612	4673	6554	1	250	1644	26	704	Blitz
1613	831	6556	0	250	750	1	501	Blitz
1614	3946	6555	0	14985	15765	1	781	Blitz
1615	4279	6557	1	4117	7134	1	1009	Blitz
1616	4060	6559	0	6314	7573	1	484	Blitz
1617	3915	6513	1	779	10338	1	2370	Blitz
1618	2904	6560	1	6539	7459	14	930	Blitz
1619	30	6561	1	13970	15895	1	1466	Blitz
1620	3545	6562	1	609	2216	1	530	Blitz
1621	4063	6558	1	7733	8397	1	670	Blitz
1622	3915	6496	1	810	10338	13	2252	Blitz
1623	3915	6521	1	864	10325	1	2172	Blitz
1624	2210	6563	0	4421	6375	1	1170	Blitz
1625	4526	6564	1	3167	4240	1	1074	Blitz
1626	3915	6507	1	810	10338	13	2351	Blitz
1627	3738	6569	0	3209	3759	52	493	Blitz
1628	890	6567	0	590	1358	1	769	Blitz
1629	4339	6568	1	10605	11501	1	911	Blitz
1630	831	6566	0	12140	12571	23	471	Blitz
1631	4948	6570	1	22836	23258	94	520	Blitz
1632	4616	6571	0	30415	31039	1	625	Blitz
1633	1248	6572	1	11851	13483	1	675	Blitz
1634	1021	6573	0	21184	21649	246	714	Blitz
1635	1868	6573	1	54	482	66	494	Blitz
1636	3915	6514	1	779	10338	1	2370	Blitz
1637	3690	6575	1	10360	10863	1	504	Blitz
1638	3324	6576	1	1	1049	309	1260	Blitz
1639	4504	6574	0	5920	6454	1	530	Blitz
1640	83	6577	1	15560	16304	1	745	Blitz
1641	2175	6578	1	450	1531	86	997	Blitz
1642	1343	6565	1	1	736	51	699	Blitz
1643	4955	6579	1	2084	2952	41	909	Blitz
1644	1662	6580	1	3011	3578	1	568	Blitz
1645	1662	6580	1	1320	1865	23	568	Blitz
1646	4554	6581	0	921	1429	207	696	Blitz
1647	4297	6582	1	77	1840	1	1131	Blitz
1648	2371	6583	0	9049	9956	15	446	Blitz
1649	3915	6519	1	864	10338	1	2284	Blitz
1650	4060	6584	1	5098	6313	1	825	Blitz
1651	1068	6585	1	15569	17455	1	566	Blitz
1652	1180	6541	1	8175	8954	1	703	Blitz
1653	2195	6586	1	17916	19393	1	1478	Blitz
1654	3915	6523	1	810	10338	13	2351	Blitz
1655	3915	6524	1	810	10338	13	2252	Blitz
1656	2121	6587	1	4589	5231	1	643	Blitz
1657	4824	6588	0	4042	4629	1	588	Blitz
1658	3784	6589	0	2634	3510	5	890	Blitz
1659	84	6590	1	6770	8123	1	1354	Blitz
1660	2054	6591	1	25258	25995	8	747	Blitz
1661	3530	6592	1	5468	6702	1	640	Blitz
1662	4979	6593	1	758	2019	1	864	Blitz
1663	3629	6594	1	1953	4331	1	651	Blitz
1664	1637	6595	1	6129	6542	1	414	Blitz
1665	4955	6596	0	1593	2116	1	524	Blitz
1666	4727	6598	0	1234	1822	55	543	Blitz
1667	4812	6597	0	2852	3717	1	869	Blitz
1668	961	6599	1	2239	2607	182	552	Blitz
1669	4072	6600	1	105	576	41	512	Blitz
1670	3754	6601	1	4187	6794	50	695	Blitz
1671	84	6602	1	4592	5406	1	815	Blitz
1672	4167	6603	1	15064	15587	1	523	Blitz
1673	4167	6603	1	15791	16267	48	523	Blitz
1674	2926	6604	1	3952	6194	1	615	Blitz
1675	4827	6605	0	3024	3547	1	524	Blitz
1676	3191	6606	0	2179	3339	25	1138	Blitz
1677	1935	6607	0	2621	4490	1	880	Blitz
1678	844	6608	1	2558	11706	2	541	Blitz
1679	3199	6609	0	715	2364	1	511	Blitz
1680	3344	6611	0	38	567	1	530	Blitz
1681	2478	6612	1	49800	50493	1	694	Blitz
1682	83	6614	0	12459	13126	1	668	Blitz
1683	1867	6615	1	8929	9594	1	667	Blitz
1684	4911	6613	0	915	1367	76	528	Blitz
1685	2144	6616	0	3713	4141	1	428	Blitz
1686	2965	6617	1	8062	8523	3	464	Blitz
1687	2716	6618	1	7130	7653	1	524	Blitz
1688	84	6619	0	5673	6250	24	601	Blitz
1689	749	6620	1	19744	20173	5	434	Blitz
1690	1469	6610	0	2270	2799	99	628	Blitz
1691	4377	6621	1	3181	3725	1	545	Blitz
1692	3690	6622	1	1807	2676	1	544	Blitz
1693	4677	6162	1	19713	22246	1	2536	Blitz
1694	4677	6163	1	19713	22246	1	2430	Blitz
