id	name	length	belongsGroup	isSample	isType
5001	D36-s2_c15-0-2	784	2	2	2
5002	D36-s2_c52-0-1	769	2	2	2
5003	D36-s2_c100-0-1	1444	2	2	2
5004	D36-s2_c154-0-1	567	2	2	2
5005	D36-s2_c420-0-1	642	2	2	2
5006	D36-s2_c457-0-1	629	2	2	2
5007	D36-s2_c1066-0-1	532	2	2	2
5008	D36-s2_c1066-0-2	579	2	2	2
5009	D36-s2_c1182-0-1	594	2	2	2
5010	D36-s2_c1434-0-1	887	2	2	2
5011	D36-s2_c1761-0-1	586	2	2	2
5012	D36-s2_c2419-0-1	645	2	2	2
5013	D36-s2_c2530-0-1	817	2	2	2
5014	D36-s2_c2932-0-1	508	2	2	2
5015	D36-s2_c3836-0-1	1862	2	2	2
5016	D36-s2_c3836-0-2	1077	2	2	2
5017	D36-s2_c4105-0-1	1119	2	2	2
5018	D36-s2_c4328-0-1	1110	2	2	2
5019	D36-s2_c4392-0-1	539	2	2	2
5020	D36-s2_c4521-0-1	658	2	2	2
5021	D36-s2_c5452-0-1	1075	2	2	2
5022	D36-s2_c5452-0-2	1363	2	2	2
5023	D36-s2_c5516-0-1	844	2	2	2
5024	D36-s2_c5567-0-1	699	2	2	2
5025	D36-s2_c5650-0-1	1046	2	2	2
5026	D36-s2_c5989-0-1	1043	2	2	2
5027	D36-s2_c5989-0-2	835	2	2	2
5028	D36-s2_c5992-0-1	627	2	2	2
5029	D36-s2_c6057-0-1	869	2	2	2
5030	D36-s2_c6104-0-1	686	2	2	2
5031	D36-s2_c6104-0-2	656	2	2	2
5032	D36-s2_c6300-0-1	529	2	2	2
5033	D36-s2_c6326-0-1	1826	2	2	2
5034	D36-s2_c6516-0-1	1543	2	2	2
5035	D36-s2_c6828-0-1	644	2	2	2
5036	D36-s2_c6879-0-1	592	2	2	2
5037	D36-s2_c7025-0-1	589	2	2	2
5038	D36-s2_c7132-0-1	913	2	2	2
5039	D36-s2_c7206-0-1	1028	2	2	2
5040	D36-s2_c7206-0-2	1046	2	2	2
5041	D36-s2_c7576-0-1	806	2	2	2
5042	D36-s2_c7631-0-1	512	2	2	2
5043	D36-s2_c7678-0-1	1187	2	2	2
5044	D36-s2_c7678-0-2	1251	2	2	2
5045	D36-s2_c7699-0-1	1843	2	2	2
5046	D36-s2_c7822-0-1	780	2	2	2
5047	D36-s2_c7882-0-2	625	2	2	2
5048	D36-s2_c8032-0-1	807	2	2	2
5049	D36-s2_c8227-0-1	686	2	2	2
5050	D36-s2_c8274-0-3	531	2	2	2
5051	D36-s2_c8301-0-1	520	2	2	2
5052	D36-s2_c8359-0-1	565	2	2	2
5053	D36-s2_c8363-0-1	767	2	2	2
5054	D36-s2_c8399-0-2	852	2	2	2
5055	D36-s2_c8488-0-2	549	2	2	2
5056	D36-s2_c8657-0-1	932	2	2	2
5057	D36-s2_c8657-0-2	1031	2	2	2
5058	D36-s2_c8766-0-2	696	2	2	2
5059	D36-s2_c8868-0-1	1131	2	2	2
5060	D36-s2_c9013-0-1	836	2	2	2
5061	D36-s2_c9013-0-2	573	2	2	2
5062	D36-s2_c9105-0-1	1096	2	2	2
5063	D36-s2_c9139-0-1	1259	2	2	2
5064	D36-s2_c9139-0-2	1277	2	2	2
5065	D36-s2_c9179-0-2	950	2	2	2
5066	D36-s2_c9191-0-1	603	2	2	2
5067	D36-s2_c9191-0-2	652	2	2	2
5068	D36-s2_c9204-0-1	701	2	2	2
5069	D36-s2_c9207-0-1	608	2	2	2
5070	D36-s2_c9207-0-2	665	2	2	2
5071	D36-s2_c9478-0-1	628	2	2	2
5072	D36-s2_c9544-0-1	648	2	2	2
5073	D36-s2_c9563-0-1	556	2	2	2
5074	D36-s2_c9616-0-1	931	2	2	2
5075	D36-s2_c9682-0-1	655	2	2	2
5076	D36-s2_c9718-0-1	900	2	2	2
5077	D36-s2_c9768-0-1	648	2	2	2
5078	D36-s2_c9972-0-2	1157	2	2	2
5079	D36-s2_c10185-0-1	749	2	2	2
5080	D36-s2_c10224-0-1	1130	2	2	2
5081	D36-s2_c10276-0-1	1067	2	2	2
5082	D36-s2_c10332-0-2	579	2	2	2
5083	D36-s2_c10539-0-1	654	2	2	2
5084	D36-s2_c10635-0-1	840	2	2	2
5085	D36-s2_c10685-0-1	878	2	2	2
5086	D36-s2_c10788-0-1	619	2	2	2
5087	D36-s2_c10885-0-1	1710	2	2	2
5088	D36-s2_c10912-0-1	663	2	2	2
5089	D36-s2_c10957-0-1	1011	2	2	2
5090	D36-s2_c10957-0-2	1002	2	2	2
5091	D36-s2_c10972-0-1	1133	2	2	2
5092	D36-s2_c10972-0-2	1479	2	2	2
5093	D36-s2_c10972-0-3	1221	2	2	2
5094	D36-s2_c11025-0-1	600	2	2	2
5095	D36-s2_c11119-0-1	1408	2	2	2
5096	D36-s2_c11144-0-1	574	2	2	2
5097	D36-s2_c11184-0-1	820	2	2	2
5098	D36-s2_c11265-0-1	1541	2	2	2
5099	D36-s2_c11265-0-2	1346	2	2	2
5100	D36-s2_c11450-0-1	1146	2	2	2
5101	D36-s2_c11492-0-1	761	2	2	2
5102	D36-s2_c11532-0-1	1837	2	2	2
5103	D36-s2_c11532-0-2	1801	2	2	2
5104	D36-s2_c11545-0-3	899	2	2	2
5105	D36-s2_c11553-0-1	1709	2	2	2
5106	D36-s2_c11651-0-1	2198	2	2	2
5107	D36-s2_c11691-0-1	874	2	2	2
5108	D36-s2_c11829-0-1	778	2	2	2
5109	D36-s2_c11926-0-2	595	2	2	2
5110	D36-s2_c12091-0-1	873	2	2	2
5111	D36-s2_c12117-0-1	580	2	2	2
5112	D36-s2_c12308-0-1	875	2	2	2
5113	D36-s2_c12392-0-2	1224	2	2	2
5114	D36-s2_c12401-0-1	588	2	2	2
5115	D36-s2_c12454-0-1	573	2	2	2
5116	D36-s2_c12454-0-2	659	2	2	2
5117	D36-s2_c12513-0-1	763	2	2	2
5118	D36-s2_c12513-0-2	748	2	2	2
5119	D36-s2_c12567-0-1	804	2	2	2
5120	D36-s2_c12568-0-1	1322	2	2	2
5121	D36-s2_c12634-0-1	752	2	2	2
5122	D36-s2_c12644-0-1	754	2	2	2
5123	D36-s2_c12647-0-3	519	2	2	2
5124	D36-s2_c12685-0-1	544	2	2	2
5125	D36-s2_c12685-0-2	765	2	2	2
5126	D36-s2_c12855-0-1	726	2	2	2
5127	D36-s2_c12976-0-1	1052	2	2	2
5128	D36-s2_c13055-0-1	939	2	2	2
5129	D36-s2_c13206-0-1	1781	2	2	2
5130	D36-s2_c13422-0-1	699	2	2	2
5131	D36-s2_c13425-0-1	781	2	2	2
5132	D36-s2_c13505-0-1	926	2	2	2
5133	D36-s2_c13590-0-1	586	2	2	2
5134	D36-s2_c13622-0-1	1867	2	2	2
5135	D36-s2_c13780-0-1	745	2	2	2
5136	D36-s2_c13806-0-1	757	2	2	2
5137	D36-s2_c13815-0-1	604	2	2	2
5138	D36-s2_c13829-0-2	951	2	2	2
5139	D36-s2_c13829-0-3	881	2	2	2
5140	D36-s2_c13941-0-1	697	2	2	2
5141	D36-s2_c14127-0-1	900	2	2	2
5142	D36-s2_c14334-1-1	716	2	2	2
5143	D36-s2_c14360-0-1	1474	2	2	2
5144	D36-s2_c14419-0-1	1247	2	2	2
5145	D36-s2_c14447-0-1	700	2	2	2
5146	D36-s2_c14502-0-1	3509	2	2	2
5147	D36-s2_c14502-0-2	3365	2	2	2
5148	D36-s2_c14638-0-1	1918	2	2	2
5149	D36-s2_c14909-0-1	1701	2	2	2
5150	D36-s2_c14944-0-2	1837	2	2	2
5151	D36-s2_c15048-0-1	582	2	2	2
5152	D36-s2_c15118-0-1	1220	2	2	2
5153	D36-s2_c15217-0-2	666	2	2	2
5154	D36-s2_c15338-0-1	697	2	2	2
5155	D36-s2_c15526-0-1	1237	2	2	2
5156	D36-s2_c15595-0-1	1434	2	2	2
5157	D36-s2_c15609-0-1	1173	2	2	2
5158	D36-s2_c15637-0-1	1570	2	2	2
5159	D36-s2_c15718-0-1	1114	2	2	2
5160	D36-s2_c15909-0-1	636	2	2	2
5161	D36-s2_c15912-0-1	1609	2	2	2
5162	D36-s2_c15940-0-1	729	2	2	2
5163	D36-s2_c16028-0-1	1612	2	2	2
5164	D36-s2_c16053-0-1	1205	2	2	2
5165	D36-s2_c16213-0-1	1195	2	2	2
5166	D36-s2_c16221-0-2	1644	2	2	2
5167	D36-s2_c16263-0-1	2061	2	2	2
5168	D36-s2_c16346-0-1	1473	2	2	2
5169	D36-s2_c16404-0-4	628	2	2	2
5170	D36-s2_c16406-0-1	2023	2	2	2
5171	D36-s2_c16536-0-1	793	2	2	2
5172	D36-s2_c16536-0-2	612	2	2	2
5173	D36-s2_c16549-0-1	1015	2	2	2
5174	D36-s2_c16596-0-1	1398	2	2	2
5175	D36-s2_c16644-0-1	1426	2	2	2
5176	D36-s2_c16672-0-1	2647	2	2	2
5177	D36-s2_c16791-0-1	780	2	2	2
5178	D36-s2_c16845-0-1	2159	2	2	2
5179	D36-s2_c16845-0-2	2094	2	2	2
5180	D36-s2_c16851-0-3	625	2	2	2
5181	D36-s2_c16924-0-1	1269	2	2	2
5182	D36-s2_c17078-0-2	1017	2	2	2
5183	D36-s2_c17212-0-1	1907	2	2	2
5184	D36-s2_c17240-0-1	1746	2	2	2
5185	D36-s2_c17345-0-1	1449	2	2	2
5186	D36-s2_c17345-0-2	1340	2	2	2
5187	D36-s2_c17345-0-3	1553	2	2	2
5188	D36-s2_c17345-0-5	1236	2	2	2
5189	D36-s2_c17404-0-2	800	2	2	2
5190	D36-s2_c17422-0-3	691	2	2	2
5191	D36-s2_c17435-0-1	691	2	2	2
5192	D36-s2_c17435-0-2	767	2	2	2
5193	D36-s2_c17470-0-4	1697	2	2	2
5194	D36-s2_c17492-0-1	1281	2	2	2
5195	D36-s2_c17492-0-2	1300	2	2	2
5196	D36-s2_c17492-0-3	1000	2	2	2
5197	D36-s2_c17492-0-4	981	2	2	2
5198	D36-s2_c17511-0-1	816	2	2	2
5199	D36-s2_c17511-0-2	1088	2	2	2
5200	D36-s2_c17539-0-1	1120	2	2	2
5201	D36-s2_c17589-0-1	916	2	2	2
5202	D36-s2_c17589-0-2	886	2	2	2
5203	D36-s2_c17589-0-3	508	2	2	2
5204	D36-s2_c17589-0-4	785	2	2	2
5205	D36-s2_c17589-0-5	976	2	2	2
5206	D36-s2_c17594-0-1	707	2	2	2
5207	D36-s2_c17690-0-1	2268	2	2	2
5208	D36-s2_c17690-0-2	2431	2	2	2
5209	D36-s2_c17968-0-1	1555	2	2	2
5210	D36-s2_c17968-0-2	1076	2	2	2
5211	D36-s2_c17969-0-1	948	2	2	2
5212	D36-s2_c17969-0-2	991	2	2	2
5213	D36-s2_c17973-0-1	1787	2	2	2
5214	D36-s2_c18091-0-1	849	2	2	2
5215	D36-s2_c18242-0-1	1755	2	2	2
5216	D36-s2_c18310-0-1	1172	2	2	2
5217	D36-s2_c18352-0-1	1572	2	2	2
5218	D36-s2_c18382-0-1	1075	2	2	2
5219	D36-s2_c18456-0-8	695	2	2	2
5220	D36-s2_c18456-0-9	619	2	2	2
5221	D36-s2_c18463-0-1	2691	2	2	2
5222	D36-s2_c18495-0-4	1474	2	2	2
5223	D36-s2_c18495-0-5	1545	2	2	2
5224	D36-s2_c18495-0-9	1397	2	2	2
5225	D36-s2_c18637-0-2	530	2	2	2
5226	D36-s2_c18698-0-1	777	2	2	2
5227	D36-s2_c18713-0-1	1806	2	2	2
5228	D36-s2_c18826-0-1	629	2	2	2
5229	D36-s2_c18884-0-1	2006	2	2	2
5230	D36-s2_c18884-0-2	2015	2	2	2
5231	D36-s2_c19081-0-1	1070	2	2	2
5232	D36-s2_c19081-0-2	1313	2	2	2
5233	D36-s2_c19121-0-13	715	2	2	2
5234	D36-s2_c19282-0-1	879	2	2	2
5235	D36-s2_c19345-0-1	701	2	2	2
5236	D36-s2_c19345-0-3	731	2	2	2
5237	D36-s2_c19345-0-5	712	2	2	2
5238	D36-s2_c19402-0-1	964	2	2	2
5239	D36-s2_c19458-0-1	1030	2	2	2
5240	D36-s2_c19469-0-1	1604	2	2	2
5241	D36-s2_c19647-0-1	671	2	2	2
5242	D36-s2_c19709-0-1	529	2	2	2
5243	D36-s2_c19899-0-1	906	2	2	2
5244	D36-s2_c19899-0-2	689	2	2	2
5245	D36-s2_c19899-0-3	1041	2	2	2
5246	D36-s2_c19899-0-4	690	2	2	2
5247	D36-s2_c19899-0-5	825	2	2	2
5248	D36-s2_c20071-0-1	1461	2	2	2
5249	D36-s2_c20097-0-1	1083	2	2	2
5250	D36-s2_c20097-0-2	1089	2	2	2
5251	D36-s2_c20097-0-3	1016	2	2	2
5252	D36-s2_c20097-0-4	1116	2	2	2
5253	D36-s2_c20097-0-7	1022	2	2	2
5254	D36-s2_c20143-0-1	1639	2	2	2
5255	D36-s2_c20143-0-2	1627	2	2	2
5256	D36-s2_c20160-0-6	832	2	2	2
5257	D36-s2_c20160-0-9	736	2	2	2
5258	D36-s2_c20170-0-2	795	2	2	2
5259	D36-s2_c20201-0-1	834	2	2	2
5260	D36-s2_c20314-0-3	1250	2	2	2
5261	D36-s2_c20314-0-4	1250	2	2	2
5262	D36-s2_c20322-0-1	1951	2	2	2
5263	D36-s2_c20372-0-1	1598	2	2	2
5264	D36-s2_c20414-0-2	1868	2	2	2
5265	D36-s2_c20414-0-4	1654	2	2	2
5266	D36-s2_c20414-0-5	1200	2	2	2
5267	D36-s2_c20414-0-7	1796	2	2	2
5268	D36-s2_c20414-0-8	1544	2	2	2
5269	D36-s2_c20414-0-15	1295	2	2	2
5270	D36-s2_c20414-0-19	958	2	2	2
5271	D36-s2_c20414-0-20	1030	2	2	2
5272	D36-s2_c20414-0-22	1695	2	2	2
5273	D36-s2_c20414-0-23	1767	2	2	2
5274	D36-s2_c20414-0-24	1677	2	2	2
5275	D36-s2_c20414-0-26	1373	2	2	2
5276	D36-s2_c20414-0-27	1206	2	2	2
5277	D36-s2_c20414-0-28	1749	2	2	2
5278	D36-s2_c20414-0-30	1963	2	2	2
5279	D36-s2_c20414-0-33	1622	2	2	2
5280	D36-s2_c20414-0-34	1301	2	2	2
5281	D36-s2_c20414-0-41	952	2	2	2
5282	D36-s2_c20414-0-42	1891	2	2	2
5283	D36-s2_c20414-0-49	1600	2	2	2
5284	D36-s2_c20414-0-51	1278	2	2	2
5285	D36-s2_c20414-0-56	1582	2	2	2
5286	D36-s2_c20426-0-1	1334	2	2	2
5287	D36-s2_c20489-0-1	538	2	2	2
5288	D36-s2_c20517-0-3	2108	2	2	2
5289	D36-s2_c20586-0-1	2381	2	2	2
5290	D36-s2_c20724-0-1	1272	2	2	2
5291	D36-s2_c20747-0-5	800	2	2	2
5292	D36-s2_c20747-0-6	839	2	2	2
5293	D36-s2_c21360-0-1	2492	2	2	2
5294	D36-s2_c21360-0-3	2585	2	2	2
5295	D36-s2_c21360-0-4	1718	2	2	2
5296	D36-s2_c21360-0-5	1625	2	2	2
5297	D36-s2_c21383-0-2	2456	2	2	2
5298	D36-s2_c21395-0-3	1058	2	2	2
5299	D36-s2_c21395-0-6	1968	2	2	2
5300	D36-s2_c21395-0-8	2073	2	2	2
5301	D36-s2_c21402-0-1	1296	2	2	2
5302	D36-s2_c21402-0-2	1521	2	2	2
5303	D36-s2_c21451-0-3	652	2	2	2
5304	D36-s2_c21451-0-4	528	2	2	2
5305	D36-s2_c21614-0-1	1501	2	2	2
5306	D36-s2_c21614-0-2	1307	2	2	2
5307	D36-s2_c21663-0-1	1042	2	2	2
5308	D36-s2_c21663-0-2	707	2	2	2
5309	D36-s2_c21663-0-3	889	2	2	2
5310	D36-s2_c21663-0-4	719	2	2	2
5311	D36-s2_c21663-0-5	860	2	2	2
5312	D36-s2_c21663-0-7	1054	2	2	2
5313	D36-s2_c21663-0-8	649	2	2	2
5314	D36-s2_c21663-0-9	901	2	2	2
5315	D36-s2_c21663-0-10	872	2	2	2
5316	D36-s2_c21702-0-1	2110	2	2	2
5317	D36-s2_c21837-0-1	912	2	2	2
5318	D36-s2_c21856-0-2	1598	2	2	2
5319	D36-s2_c21873-0-1	1510	2	2	2
5320	D36-s2_c21928-0-1	843	2	2	2
5321	D36-s2_c21983-0-1	2084	2	2	2
5322	D36-s2_c22093-0-1	866	2	2	2
5323	D36-s2_c22105-0-1	2374	2	2	2
5324	D36-s2_c22167-0-1	1824	2	2	2
5325	D36-s2_c22203-0-1	2061	2	2	2
5326	D36-s2_c22214-0-2	625	2	2	2
5327	D36-s2_c22290-0-1	1508	2	2	2
5328	D36-s2_c22290-0-3	1567	2	2	2
5329	D36-s2_c22290-0-4	1584	2	2	2
5330	D36-s2_c22316-0-1	1348	2	2	2
5331	D36-s2_c22422-0-1	745	2	2	2
5332	D36-s2_c22422-0-2	1342	2	2	2
5333	D36-s2_c22422-0-4	527	2	2	2
5334	D36-s2_c22574-0-1	1359	2	2	2
5335	D36-s2_c22580-0-1	1402	2	2	2
5336	D36-s2_c22744-0-1	1380	2	2	2
5337	D36-s2_c22782-0-1	2134	2	2	2
5338	D36-s2_c22782-0-2	2109	2	2	2
5339	D36-s2_c22821-0-2	690	2	2	2
5340	D36-s2_c22931-0-3	1474	2	2	2
5341	D36-s2_c22968-0-1	1521	2	2	2
5342	D36-s2_c22968-0-2	1802	2	2	2
5343	D36-s2_c22988-0-1	1547	2	2	2
5344	D36-s2_c22988-0-2	766	2	2	2
5345	D36-s2_c23065-0-3	1204	2	2	2
5346	D36-s2_c23186-0-1	2460	2	2	2
5347	D36-s2_c23186-0-2	2347	2	2	2
5348	D36-s2_c23187-0-1	1822	2	2	2
5349	D36-s2_c23187-0-2	1865	2	2	2
5350	D36-s2_c23187-0-3	1467	2	2	2
5351	D36-s2_c23187-0-4	1792	2	2	2
5352	D36-s2_c23187-0-5	1540	2	2	2
5353	D36-s2_c23187-0-6	1497	2	2	2
5354	D36-s2_c23187-0-7	1749	2	2	2
5355	D36-s2_c23187-0-8	1424	2	2	2
5356	D36-s2_c23197-0-1	2530	2	2	2
5357	D36-s2_c23247-0-1	604	2	2	2
5358	D36-s2_c23247-0-2	1369	2	2	2
5359	D36-s2_c23247-0-3	1349	2	2	2
5360	D36-s2_c23309-0-1	1923	2	2	2
5361	D36-s2_c23309-0-2	1784	2	2	2
5362	D36-s2_c23309-0-3	1945	2	2	2
5363	D36-s2_c23322-0-2	782	2	2	2
5364	D36-s2_c23322-0-7	557	2	2	2
5365	D36-s2_c23322-0-10	1021	2	2	2
5366	D36-s2_c23325-0-1	597	2	2	2
5367	D36-s2_c23325-0-2	1260	2	2	2
5368	D36-s2_c23351-0-1	897	2	2	2
5369	D36-s2_c23351-0-3	807	2	2	2
5370	D36-s2_c23351-0-4	934	2	2	2
5371	D36-s2_c23356-0-1	2542	2	2	2
5372	D36-s2_c23447-0-1	2035	2	2	2
5373	D36-s2_c23447-0-2	2035	2	2	2
5374	D36-s2_c23479-0-1	1241	2	2	2
5375	D36-s2_c23513-0-1	1597	2	2	2
5376	D36-s2_c23513-0-2	1534	2	2	2
5377	D36-s2_c23513-0-3	1577	2	2	2
5378	D36-s2_c23610-0-1	1711	2	2	2
5379	D36-s2_c23655-0-4	644	2	2	2
5380	D36-s2_c23731-0-2	737	2	2	2
5381	D36-s2_c23742-0-1	776	2	2	2
5382	D36-s2_c23742-0-2	698	2	2	2
5383	D36-s2_c23742-0-3	753	2	2	2
5384	D36-s2_c23745-0-1	1001	2	2	2
5385	D36-s2_c23745-0-2	984	2	2	2
5386	D36-s2_c23805-0-1	1434	2	2	2
5387	D36-s2_c24065-0-15	598	2	2	2
5388	D36-s2_c24098-0-2	565	2	2	2
5389	D36-s2_c24154-0-1	2194	2	2	2
5390	D36-s2_c24154-0-2	2300	2	2	2
5391	D36-s2_c24165-0-6	605	2	2	2
5392	D36-s2_c24165-0-11	669	2	2	2
5393	D36-s2_c24233-0-1	1571	2	2	2
5394	D36-s2_c24307-0-8	739	2	2	2
5395	D36-s2_c24360-0-1	1665	2	2	2
5396	D36-s2_c24399-0-1	502	2	2	2
5397	D36-s2_c24399-0-2	1504	2	2	2
5398	D36-s2_c24399-0-3	573	2	2	2
5399	D36-s2_c24423-0-2	714	2	2	2
5400	D36-s2_c24423-0-3	701	2	2	2
5401	D36-s2_c24453-0-1	1910	2	2	2
5402	D36-s2_c24487-0-2	1194	2	2	2
5403	D36-s2_c24543-0-1	714	2	2	2
5404	D36-s2_c24543-0-2	1797	2	2	2
5405	D36-s2_c24570-0-1	1626	2	2	2
5406	D36-s2_c24680-0-19	656	2	2	2
5407	D36-s2_c24680-0-27	660	2	2	2
5408	D36-s2_c24719-0-1	2473	2	2	2
5409	D36-s2_c24812-0-2	787	2	2	2
5410	D36-s2_c24829-0-1	1368	2	2	2
5411	D36-s2_c24829-0-2	989	2	2	2
5412	D36-s2_c24846-0-1	882	2	2	2
5413	D36-s2_c24852-0-13	817	2	2	2
5414	D36-s2_c24941-0-2	648	2	2	2
5415	D36-s2_c24959-0-1	1619	2	2	2
5416	D36-s2_c24972-0-1	1808	2	2	2
5417	D36-s2_c24972-0-2	3038	2	2	2
5418	D36-s2_c24972-0-3	865	2	2	2
5419	D36-s2_c24979-0-2	796	2	2	2
5420	D36-s2_c24979-0-3	1105	2	2	2
5421	D36-s2_c25028-0-3	1262	2	2	2
5422	D36-s2_c25044-0-1	1400	2	2	2
5423	D36-s2_c25044-0-2	1411	2	2	2
5424	D36-s2_c25158-0-1	922	2	2	2
5425	D36-s2_c25158-1-1	1732	2	2	2
5426	D36-s2_c25186-0-1	1829	2	2	2
5427	D36-s2_c25187-0-1	2913	2	2	2
5428	D36-s2_c25230-0-1	1836	2	2	2
5429	D36-s2_c25277-0-2	716	2	2	2
5430	D36-s2_c25283-0-1	2201	2	2	2
5431	D36-s2_c25283-0-2	2273	2	2	2
5432	D36-s2_c25354-0-1	864	2	2	2
5433	D36-s2_c25354-0-2	1608	2	2	2
5434	D36-s2_c25354-0-3	737	2	2	2
5435	D36-s2_c25354-0-4	847	2	2	2
5436	D36-s2_c25354-0-5	1498	2	2	2
5437	D36-s2_c25354-0-6	1625	2	2	2
5438	D36-s2_c25354-0-7	1834	2	2	2
5439	D36-s2_c25354-0-8	974	2	2	2
5440	D36-s2_c25354-0-9	1073	2	2	2
5441	D36-s2_c25354-0-10	1735	2	2	2
5442	D36-s2_c25444-0-1	3133	2	2	2
5443	D36-s2_c25462-0-1	1507	2	2	2
5444	D36-s2_c25462-0-2	1445	2	2	2
5445	D36-s2_c25462-0-3	1518	2	2	2
5446	D36-s2_c25462-0-4	1580	2	2	2
5447	D36-s2_c25464-0-1	1800	2	2	2
5448	D36-s2_c25464-0-2	1726	2	2	2
5449	D36-s2_c25464-0-3	1898	2	2	2
5450	D36-s2_c25464-0-4	1845	2	2	2
5451	D36-s2_c25464-0-5	1771	2	2	2
5452	D36-s2_c25464-0-7	1824	2	2	2
5453	D36-s2_c25488-0-6	609	2	2	2
5454	D36-s2_c25560-0-1	1047	2	2	2
5455	D36-s2_c25560-0-2	1109	2	2	2
5456	D36-s2_c25560-0-3	1094	2	2	2
5457	D36-s2_c25564-0-1	1991	2	2	2
5458	D36-s2_c25761-0-1	1252	2	2	2
5459	D36-s2_c25761-0-2	3694	2	2	2
5460	D36-s2_c25792-0-1	1755	2	2	2
5461	D36-s2_c25822-0-3	1024	2	2	2
5462	D36-s2_c25822-0-9	973	2	2	2
5463	D36-s2_c25822-0-13	1062	2	2	2
5464	D36-s2_c25823-0-1	604	2	2	2
5465	D36-s2_c25879-0-2	533	2	2	2
5466	D36-s2_c25970-0-1	1816	2	2	2
5467	D36-s2_c26009-0-1	2778	2	2	2
5468	D36-s2_c26009-0-2	2867	2	2	2
5469	D36-s2_c26009-0-3	2304	2	2	2
5470	D36-s2_c26009-0-4	2063	2	2	2
5471	D36-s2_c26009-0-5	798	2	2	2
5472	D36-s2_c26009-0-6	2448	2	2	2
5473	D36-s2_c26009-0-7	1974	2	2	2
5474	D36-s2_c26009-0-8	2393	2	2	2
5475	D36-s2_c26009-0-9	2565	2	2	2
5476	D36-s2_c26009-0-10	2146	2	2	2
5477	D36-s2_c26009-0-11	2476	2	2	2
5478	D36-s2_c26009-0-12	2235	2	2	2
5479	D36-s2_c26009-0-13	887	2	2	2
5480	D36-s2_c26009-0-14	2537	2	2	2
5481	D36-s2_c26042-0-1	2299	2	2	2
5482	D36-s2_c26069-0-14	1103	2	2	2
5483	D36-s2_c26069-0-15	1336	2	2	2
5484	D36-s2_c26069-0-16	500	2	2	2
5485	D36-s2_c26162-1-14	866	2	2	2
5486	D36-s2_c26162-1-16	840	2	2	2
5487	D36-s2_c26162-1-17	867	2	2	2
5488	D36-s2_c26193-0-13	827	2	2	2
5489	D36-s2_c26193-0-14	855	2	2	2
5490	D36-s2_c26197-0-1	1726	2	2	2
5491	D36-s2_c26199-0-23	1448	2	2	2
5492	D36-s2_c26199-0-28	885	2	2	2
5493	D36-s2_c26205-0-14	858	2	2	2
5494	D36-s2_c26243-0-6	946	2	2	2
5495	D36-s2_c26243-0-9	804	2	2	2
5496	D36-s2_c26243-0-11	714	2	2	2
5497	D36-s2_c26284-0-1	840	2	2	2
5498	D36-s2_c26284-0-2	623	2	2	2
5499	D36-s2_c26284-0-6	753	2	2	2
5500	D36-s2_c26284-0-7	515	2	2	2
5501	D36-s2_c26284-0-8	536	2	2	2
5502	D36-s2_c26284-0-9	777	2	2	2
5503	D36-s2_c26284-0-10	511	2	2	2
5504	D36-s2_c26298-0-16	887	2	2	2
5505	D36-s2_c26335-0-23	874	2	2	2
5506	D36-s2_c26344-0-2	514	2	2	2
5507	D36-s2_c26430-0-8	830	2	2	2
5508	D36-s2_c26437-0-22	3457	2	2	2
5509	D36-s2_c26523-0-7	1880	2	2	2
5510	D36-s2_c26620-0-1	2721	2	2	2
5511	D36-s2_c26620-0-2	2678	2	2	2
5512	D36-s2_c26657-0-18	1217	2	2	2
5513	D36-s2_c26748-0-2	1194	2	2	2
5514	D36-s2_c26751-0-6	1025	2	2	2
5515	D36-s2_c26774-0-5	1076	2	2	2
5516	D36-s2_c26774-0-10	1177	2	2	2
5517	D36-s2_c26774-0-11	2044	2	2	2
5518	D36-s2_c26774-0-15	2391	2	2	2
5519	D36-s2_c26774-0-19	2157	2	2	2
5520	D36-s2_c26774-0-20	1310	2	2	2
5521	D36-s2_c26774-0-22	1189	2	2	2
5522	D36-s2_c26774-0-24	1423	2	2	2
5523	D36-s2_c26774-0-25	621	2	2	2
5524	D36-s2_c26774-0-26	2278	2	2	2
5525	D36-s2_c26801-0-21	530	2	2	2
5526	D36-s2_c26808-0-1	1528	2	2	2
5527	D36-s2_c26808-0-2	1493	2	2	2
5528	D36-s2_c26844-1-2	564	2	2	2
5529	D36-s2_c26846-0-1	901	2	2	2
5530	D36-s2_c26858-0-1	1677	2	2	2
5531	D36-s2_c26858-0-2	951	2	2	2
5532	D36-s2_c26858-0-4	1045	2	2	2
5533	D36-s2_c26858-0-6	1272	2	2	2
5534	D36-s2_c26858-0-8	1228	2	2	2
5535	D36-s2_c26858-0-9	1322	2	2	2
5536	D36-s2_c26858-0-10	1296	2	2	2
5537	D36-s2_c26858-0-11	1355	2	2	2
5538	D36-s2_c26858-0-12	1628	2	2	2
5539	D36-s2_c26858-0-13	1638	2	2	2
5540	D36-s2_c26858-0-14	1533	2	2	2
5541	D36-s2_c26858-0-15	1627	2	2	2
5542	D36-s2_c26858-0-16	1202	2	2	2
5543	D36-s2_c26858-0-17	1261	2	2	2
5544	D36-s2_c26858-0-18	1307	2	2	2
5545	D36-s2_c26858-0-19	1213	2	2	2
5546	D36-s2_c26858-0-20	1534	2	2	2
5547	D36-s2_c26858-0-21	1366	2	2	2
5548	D36-s2_c26858-0-22	1544	2	2	2
5549	D36-s2_c26878-0-18	724	2	2	2
5550	D36-s2_c26878-0-26	539	2	2	2
5551	D36-s2_c26954-0-1	1680	2	2	2
5552	D36-s2_c26954-0-2	1695	2	2	2
5553	D36-s2_c26954-0-3	1701	2	2	2
5554	D36-s2_c26954-0-5	1587	2	2	2
5555	D36-s2_c26965-0-2	1438	2	2	2
5556	D36-s2_c26976-0-6	1345	2	2	2
5557	D36-s2_c26984-0-7	1280	2	2	2
5558	D36-s2_c26985-0-1	1836	2	2	2
5559	D36-s2_c26985-0-2	1865	2	2	2
5560	D36-s2_c26985-0-3	1797	2	2	2
5561	D36-s2_c27013-0-1	1020	2	2	2
5562	D36-s2_c27013-0-3	962	2	2	2
5563	D36-s2_c27075-0-2	920	2	2	2
5564	D36-s2_c27075-0-8	1053	2	2	2
5565	D36-s2_c27075-0-13	975	2	2	2
5566	D36-s2_c27075-0-17	1111	2	2	2
5567	D36-s2_c27103-0-1	776	2	2	2
5568	D36-s2_c27152-0-11	1112	2	2	2
5569	D36-s2_c27158-0-3	1208	2	2	2
5570	D36-s2_c27200-0-1	2931	2	2	2
5571	D36-s2_c27200-0-2	2912	2	2	2
5572	D36-s2_c27220-0-1	1455	2	2	2
5573	D36-s2_c27220-0-2	1774	2	2	2
5574	D36-s2_c27227-0-5	785	2	2	2
5575	D36-s2_c27227-0-7	684	2	2	2
5576	D36-s2_c27227-0-11	602	2	2	2
5577	D36-s2_c27227-0-12	538	2	2	2
5578	D36-s2_c27227-0-13	639	2	2	2
5579	D36-s2_c27227-0-27	646	2	2	2
5580	D36-s2_c27236-0-1	2631	2	2	2
5581	D36-s2_c27236-0-2	2574	2	2	2
5582	D36-s2_c27236-0-3	2236	2	2	2
5583	D36-s2_c27236-0-4	2658	2	2	2
5584	D36-s2_c27236-0-5	2611	2	2	2
5585	D36-s2_c27236-0-7	2320	2	2	2
5586	D36-s2_c27236-0-8	2547	2	2	2
5587	D36-s2_c27236-0-9	2584	2	2	2
5588	D36-s2_c27236-0-10	2480	2	2	2
5589	D36-s2_c27236-0-11	2484	2	2	2
5590	D36-s2_c27236-0-12	2605	2	2	2
5591	D36-s2_c27236-0-13	2490	2	2	2
5592	D36-s2_c27236-0-14	2406	2	2	2
5593	D36-s2_c27236-0-15	2453	2	2	2
5594	D36-s2_c27236-0-16	2615	2	2	2
5595	D36-s2_c27236-0-17	2705	2	2	2
5596	D36-s2_c27236-0-18	2226	2	2	2
5597	D36-s2_c27236-0-19	2537	2	2	2
5598	D36-s2_c27236-0-20	2246	2	2	2
5599	D36-s2_c27236-0-21	2162	2	2	2
5600	D36-s2_c27236-0-22	2558	2	2	2
5601	D36-s2_c27236-0-23	2621	2	2	2
5602	D36-s2_c27236-0-24	2568	2	2	2
5603	D36-s2_c27236-0-25	2500	2	2	2
5604	D36-s2_c27236-0-26	2564	2	2	2
5605	D36-s2_c27236-0-27	2527	2	2	2
5606	D36-s2_c27236-0-28	2531	2	2	2
5607	D36-s2_c27246-0-1	2914	2	2	2
5608	D36-s2_c27246-0-2	2896	2	2	2
5609	D36-s2_c27246-0-3	3110	2	2	2
5610	D36-s2_c27246-0-4	3092	2	2	2
5611	D36-s2_c27254-0-2	1407	2	2	2
5612	D36-s2_c27254-0-3	1945	2	2	2
5613	D36-s2_c27254-0-4	1274	2	2	2
5614	D36-s2_c27254-0-5	1373	2	2	2
5615	D36-s2_c27270-0-4	938	2	2	2
5616	D36-s2_c27276-0-3	710	2	2	2
5617	D36-s2_c27308-0-1	1981	2	2	2
5618	D36-s2_c27312-0-24	1409	2	2	2
5619	D36-s2_c27344-0-1	744	2	2	2
5620	D36-s2_c27344-0-3	1035	2	2	2
5621	D36-s2_c27344-0-5	881	2	2	2
5622	D36-s2_c27344-0-8	632	2	2	2
5623	D36-s2_c27344-0-9	997	2	2	2
5624	D36-s2_c27344-0-10	937	2	2	2
5625	D36-s2_c27344-0-11	1021	2	2	2
5626	D36-s2_c27344-0-12	791	2	2	2
5627	D36-s2_c27344-0-13	1053	2	2	2
5628	D36-s2_c27344-0-14	910	2	2	2
5629	D36-s2_c27344-0-16	1026	2	2	2
5630	D36-s2_c27344-0-17	1048	2	2	2
5631	D36-s2_c27344-0-18	820	2	2	2
5632	D36-s2_c27344-0-19	847	2	2	2
5633	D36-s2_c27344-0-22	674	2	2	2
5634	D36-s2_c27344-0-25	992	2	2	2
5635	D36-s2_c27344-0-26	522	2	2	2
5636	D36-s2_c27371-0-4	2122	2	2	2
5637	D36-s2_c27374-0-2	1910	2	2	2
5638	D36-s2_c27375-0-2	1042	2	2	2
5639	D36-s2_c27375-0-5	1318	2	2	2
5640	D36-s2_c27375-0-6	1322	2	2	2
5641	D36-s2_c27375-0-7	2095	2	2	2
5642	D36-s2_c27375-0-9	665	2	2	2
5643	D36-s2_c27375-0-13	733	2	2	2
5644	D36-s2_c27375-0-14	1550	2	2	2
5645	D36-s2_c27375-0-15	1609	2	2	2
5646	D36-s2_c27375-0-17	1075	2	2	2
5647	D36-s2_c27375-0-20	1684	2	2	2
5648	D36-s2_c27375-0-21	1504	2	2	2
5649	D36-s2_c27375-0-23	1717	2	2	2
5650	D36-s2_c27375-0-24	1337	2	2	2
5651	D36-s2_c27375-0-25	1928	2	2	2
5652	D36-s2_c27375-0-26	1913	2	2	2
5653	D36-s2_c27375-0-27	732	2	2	2
5654	D36-s2_c27375-0-28	1515	2	2	2
5655	D36-s2_c27375-0-29	2062	2	2	2
5656	D36-s2_c27375-0-31	1471	2	2	2
5657	D36-s2_c27375-0-32	1323	2	2	2
5658	D36-s2_c27375-0-33	1576	2	2	2
5659	D36-s2_c27383-1-3	529	2	2	2
5660	D36-s2_c27394-0-1	871	2	2	2
5661	D36-s2_c27394-0-2	2208	2	2	2
5662	D36-s2_c27414-0-2	549	2	2	2
5663	D36-s2_c27414-0-4	1010	2	2	2
5664	D36-s2_c27414-0-6	2302	2	2	2
5665	D36-s2_c27421-0-2	1635	2	2	2
5666	D36-s2_c27421-0-7	1199	2	2	2
5667	D36-s2_c27433-0-2	525	2	2	2
5668	D36-s2_c27435-0-2	2409	2	2	2
5669	D36-s2_c27435-0-3	1394	2	2	2
5670	D36-s2_c27450-0-1	1886	2	2	2
5671	D36-s2_c27524-0-5	850	2	2	2
5672	D36-s2_c27524-0-17	511	2	2	2
5673	D36-s2_c27532-0-6	2318	2	2	2
5674	D36-s2_c27532-0-7	2266	2	2	2
5675	D36-s2_c27532-0-10	2248	2	2	2
5676	D36-s2_c27532-0-15	1046	2	2	2
5677	D36-s2_c27532-0-16	1073	2	2	2
5678	D36-s2_c27532-0-17	1852	2	2	2
5679	D36-s2_c27532-0-19	972	2	2	2
5680	D36-s2_c27532-0-25	1147	2	2	2
5681	D36-s2_c27532-0-26	1127	2	2	2
5682	D36-s2_c27532-0-34	1026	2	2	2
5683	D36-s2_c27537-0-1	602	2	2	2
5684	D36-s2_c27537-0-5	969	2	2	2
5685	D36-s2_c27537-0-10	995	2	2	2
5686	D36-s2_c27537-0-14	577	2	2	2
5687	D36-s2_c27537-0-16	659	2	2	2
5688	D36-s2_c27537-0-25	577	2	2	2
5689	D36-s2_c27537-0-26	520	2	2	2
5690	D36-s2_c27537-0-27	520	2	2	2
5691	D36-s2_c27537-0-28	588	2	2	2
5692	D36-s2_c27537-0-30	970	2	2	2
5693	D36-s2_c27537-0-31	563	2	2	2
5694	D36-s2_c27537-0-32	557	2	2	2
5695	D36-s2_c27537-0-34	544	2	2	2
5696	D36-s2_c27537-0-40	577	2	2	2
5697	D36-s2_c27538-0-50	671	2	2	2
5698	D36-s2_c27539-0-3	562	2	2	2
5699	D36-s2_c27539-0-47	609	2	2	2
5700	D36-s2_c27546-0-2	617	2	2	2
5701	D36-s2_c27546-0-17	819	2	2	2
5702	D36-s2_c27546-0-21	1049	2	2	2
5703	D36-s2_c27546-0-24	683	2	2	2
5704	D36-s2_c27546-0-25	833	2	2	2
5705	D36-s2_c27546-0-29	595	2	2	2
5706	D36-s2_c27546-0-33	689	2	2	2
5707	D36-s2_c27546-0-37	637	2	2	2
5708	D36-s2_c27556-1-5	642	2	2	2
5709	D36-s2_c27556-1-8	657	2	2	2
5710	D36-s2_c39645-0-1	876	2	2	2
5711	D36-s2_c40116-0-1	1362	2	2	2
5712	D36-s2_c41065-0-1	1257	2	2	2
5713	D36-s2_c42389-0-1	601	2	2	2
5714	D36-s2_c44956-0-1	814	2	2	2
5715	D36-s2_c45409-0-1	1251	2	2	2
5716	D36-s2_c46631-0-1	836	2	2	2
5717	D36-s2_c51508-0-1	508	2	2	2
5718	D36-s2_c51614-0-1	688	2	2	2
5719	D36-s2_c53104-0-1	796	2	2	2
5720	D36-s2_c53123-0-1	1510	2	2	2
5721	D36-s2_c53275-0-1	685	2	2	2
5722	D36-s2_c53680-0-1	1573	2	2	2
5723	D36-s2_c60462-0-1	1150	2	2	2
5724	D36-s2_c75397-0-1	542	2	2	2
5725	D36-s2_c76938-0-1	802	2	2	2
5726	D36-s2_c78399-0-1	916	2	2	2
5727	D36-s2_c79479-0-1	580	2	2	2
5728	D36-s2_c80352-0-1	718	2	2	2
5729	D36-s2_c83059-0-1	650	2	2	2
5730	D36-s2_c84923-0-1	856	2	2	2
5731	D36-s2_c85463-0-1	776	2	2	2
5732	D36-s2_c85546-0-1	586	2	2	2
5733	D36-s2_c86172-0-1	751	2	2	2
5734	D36-s2_c87261-0-1	893	2	2	2
5735	D36-s2_c89497-0-1	528	2	2	2
5736	D36-s2_c89511-0-1	665	2	2	2
5737	D36-s2_c89562-0-1	511	2	2	2
5738	D36-s2_c89864-0-1	874	2	2	2
5739	D36-s2_c90287-0-1	827	2	2	2
5740	D36-s2_c91191-0-1	577	2	2	2
5741	D36-s2_c91264-0-1	668	2	2	2
5742	D36-s2_c92864-0-1	794	2	2	2
5743	D36-s2_c96026-0-1	576	2	2	2
5744	D36-s2_c96685-0-1	532	2	2	2
5745	D36-s2_c97028-0-1	518	2	2	2
5746	D36-s2_c98289-0-1	1329	2	2	2
5747	D36-s2_c99413-0-1	630	2	2	2
5748	D36-s2_c102945-0-1	519	2	2	2
5749	D36-s2_c103142-0-1	850	2	2	2
5750	D36-s2_c103587-0-1	544	2	2	2
5751	D36-s2_c104127-0-1	748	2	2	2
5752	D36-s2_c105849-0-1	535	2	2	2
5753	D36-s2_c106673-0-1	717	2	2	2
5754	D36-s2_c110508-0-1	537	2	2	2
5755	D36-s2_c110685-0-1	984	2	2	2
5756	D36-s2_c111623-0-1	954	2	2	2
5757	D36-s2_c113937-0-1	1070	2	2	2
5758	D36-s2_c115013-0-1	688	2	2	2
5759	D36-s2_c116324-0-1	970	2	2	2
5760	D36-s2_c117073-0-1	589	2	2	2
5761	D36-s2_c118494-0-1	533	2	2	2
5762	D36-s2_c121086-0-1	650	2	2	2
5763	D36-s2_c123287-0-1	696	2	2	2
5764	D36-s2_c124106-0-1	567	2	2	2
5765	D36-s2_c125267-0-1	606	2	2	2
5766	D36-s2_c128976-0-1	690	2	2	2
5767	D36-s2_c129339-0-1	517	2	2	2
5768	D36-s2_c132356-0-1	524	2	2	2
5769	D36-s2_c134419-0-1	815	2	2	2
5770	D36-s2_c137785-0-1	659	2	2	2
5771	D36-s2_c138316-0-1	954	2	2	2
5772	D36-s2_c142019-0-1	505	2	2	2
5773	D36-s2_c144903-0-1	596	2	2	2
5774	D36-s2_c145024-0-1	530	2	2	2
5775	D36-s2_c146989-0-1	1345	2	2	2
5776	D36-s2_c159771-0-1	778	2	2	2
5777	D36-s2_c162918-0-1	527	2	2	2
5778	D36-s2_c163794-0-1	680	2	2	2
5779	D36-s2_c166905-0-1	563	2	2	2
5780	D36-s2_c171681-0-1	821	2	2	2
5781	D36-s2_c174125-0-1	749	2	2	2
5782	D36-s2_c174986-0-1	1087	2	2	2
5783	D36-s2_c175039-0-1	542	2	2	2
5784	D36-s2_c175362-0-1	793	2	2	2
5785	D36-s2_c183522-0-1	529	2	2	2
5786	D36-s2_c193534-0-1	534	2	2	2
5787	D36-s2_c196407-0-1	563	2	2	2
5788	D36-s2_c201562-0-1	559	2	2	2
5789	D36-s2_c204157-0-1	654	2	2	2
5790	D36-s2_c210586-0-1	574	2	2	2
5791	D36-s2_c210786-0-1	535	2	2	2
5792	D36-s2_c211195-0-1	586	2	2	2
5793	D36-s2_c211864-0-1	593	2	2	2
5794	D36-s2_c217367-0-1	781	2	2	2
5795	D36-s2_c229510-0-1	593	2	2	2
5796	D36-s2_c245787-0-1	609	2	2	2
5797	D36-s2_c247355-0-1	525	2	2	2
5798	D36-s2_c248026-0-1	611	2	2	2
5799	D36-s2_c257440-0-1	511	2	2	2
5800	D36-s2_c260482-0-1	551	2	2	2
5801	D36-s2_c317181-0-1	571	2	2	2
5802	D36-s34_c39-0-1	526	3	3	2
5803	D36-s34_c200-0-1	589	3	3	2
5804	D36-s34_c393-0-1	592	3	3	2
5805	D36-s34_c539-0-1	860	3	3	2
5806	D36-s34_c562-0-1	526	3	3	2
5807	D36-s34_c693-0-1	998	3	3	2
5808	D36-s34_c846-0-1	997	3	3	2
5809	D36-s34_c1336-0-1	886	3	3	2
5810	D36-s34_c1646-0-1	594	3	3	2
5811	D36-s34_c1880-0-1	638	3	3	2
5812	D36-s34_c1919-0-1	886	3	3	2
5813	D36-s34_c1980-0-1	604	3	3	2
5814	D36-s34_c2268-0-1	692	3	3	2
5815	D36-s34_c2435-0-1	558	3	3	2
5816	D36-s34_c2724-0-2	539	3	3	2
5817	D36-s34_c2803-0-1	911	3	3	2
5818	D36-s34_c3238-0-1	554	3	3	2
5819	D36-s34_c3244-0-1	785	3	3	2
5820	D36-s34_c3244-0-2	669	3	3	2
5821	D36-s34_c3266-0-1	696	3	3	2
5822	D36-s34_c3352-0-1	647	3	3	2
5823	D36-s34_c3585-0-1	705	3	3	2
5824	D36-s34_c4151-0-1	718	3	3	2
5825	D36-s34_c4443-0-1	649	3	3	2
5826	D36-s34_c5033-0-1	1104	3	3	2
5827	D36-s34_c5112-0-1	895	3	3	2
5828	D36-s34_c5365-0-1	874	3	3	2
5829	D36-s34_c5367-0-1	867	3	3	2
5830	D36-s34_c5793-0-1	505	3	3	2
5831	D36-s34_c5993-0-2	798	3	3	2
5832	D36-s34_c6035-0-1	656	3	3	2
5833	D36-s34_c6045-0-1	1158	3	3	2
5834	D36-s34_c6132-0-1	706	3	3	2
5835	D36-s34_c6162-0-1	518	3	3	2
5836	D36-s34_c6237-0-1	699	3	3	2
5837	D36-s34_c6456-0-1	1160	3	3	2
5838	D36-s34_c6559-0-1	529	3	3	2
5839	D36-s34_c6927-0-1	637	3	3	2
5840	D36-s34_c7092-0-1	694	3	3	2
5841	D36-s34_c7202-0-1	622	3	3	2
5842	D36-s34_c7359-0-1	878	3	3	2
5843	D36-s34_c7653-0-1	547	3	3	2
5844	D36-s34_c7653-0-2	543	3	3	2
5845	D36-s34_c7686-0-1	574	3	3	2
5846	D36-s34_c7767-0-1	1525	3	3	2
5847	D36-s34_c7861-0-1	1333	3	3	2
5848	D36-s34_c7956-0-1	984	3	3	2
5849	D36-s34_c7956-0-2	2145	3	3	2
5850	D36-s34_c8186-0-1	759	3	3	2
5851	D36-s34_c8222-0-1	1038	3	3	2
5852	D36-s34_c8366-0-1	1417	3	3	2
5853	D36-s34_c8610-0-3	768	3	3	2
5854	D36-s34_c8696-0-1	1077	3	3	2
5855	D36-s34_c8962-0-1	830	3	3	2
5856	D36-s34_c8962-0-2	900	3	3	2
5857	D36-s34_c8974-0-1	763	3	3	2
5858	D36-s34_c9059-0-1	811	3	3	2
5859	D36-s34_c9110-0-1	1274	3	3	2
5860	D36-s34_c9156-0-1	1550	3	3	2
5861	D36-s34_c9165-0-1	1165	3	3	2
5862	D36-s34_c9165-0-2	1141	3	3	2
5863	D36-s34_c9173-0-1	644	3	3	2
5864	D36-s34_c9173-0-2	701	3	3	2
5865	D36-s34_c9192-0-1	990	3	3	2
5866	D36-s34_c9192-0-2	1049	3	3	2
5867	D36-s34_c9260-0-1	694	3	3	2
5868	D36-s34_c9569-0-2	602	3	3	2
5869	D36-s34_c9654-0-1	581	3	3	2
5870	D36-s34_c9699-0-1	1566	3	3	2
5871	D36-s34_c9765-0-1	719	3	3	2
5872	D36-s34_c9768-0-1	565	3	3	2
5873	D36-s34_c9983-0-1	577	3	3	2
5874	D36-s34_c9993-0-1	642	3	3	2
5875	D36-s34_c10062-0-1	764	3	3	2
5876	D36-s34_c10099-0-2	1147	3	3	2
5877	D36-s34_c10138-0-1	2540	3	3	2
5878	D36-s34_c10138-0-2	2540	3	3	2
5879	D36-s34_c10228-0-1	664	3	3	2
5880	D36-s34_c10265-0-1	800	3	3	2
5881	D36-s34_c10382-0-1	1695	3	3	2
5882	D36-s34_c10382-0-2	1727	3	3	2
5883	D36-s34_c10431-0-1	1379	3	3	2
5884	D36-s34_c10549-0-1	927	3	3	2
5885	D36-s34_c10552-0-1	1173	3	3	2
5886	D36-s34_c10662-0-1	747	3	3	2
5887	D36-s34_c10698-0-1	2184	3	3	2
5888	D36-s34_c10860-0-3	1148	3	3	2
5889	D36-s34_c11010-0-1	973	3	3	2
5890	D36-s34_c11229-0-1	915	3	3	2
5891	D36-s34_c11229-0-2	751	3	3	2
5892	D36-s34_c11365-0-1	821	3	3	2
5893	D36-s34_c11506-0-1	2067	3	3	2
5894	D36-s34_c11506-0-2	600	3	3	2
5895	D36-s34_c11594-0-1	1177	3	3	2
5896	D36-s34_c11783-0-1	880	3	3	2
5897	D36-s34_c11856-0-1	615	3	3	2
5898	D36-s34_c11958-0-1	1244	3	3	2
5899	D36-s34_c11973-0-2	890	3	3	2
5900	D36-s34_c12081-0-1	808	3	3	2
5901	D36-s34_c12083-0-1	510	3	3	2
5902	D36-s34_c12162-0-1	998	3	3	2
5903	D36-s34_c12162-0-2	584	3	3	2
5904	D36-s34_c12249-0-1	502	3	3	2
5905	D36-s34_c12280-0-1	663	3	3	2
5906	D36-s34_c12513-0-2	971	3	3	2
5907	D36-s34_c12743-0-7	618	3	3	2
5908	D36-s34_c12765-0-1	586	3	3	2
5909	D36-s34_c12834-0-1	850	3	3	2
5910	D36-s34_c12884-0-1	1185	3	3	2
5911	D36-s34_c13005-0-1	1116	3	3	2
5912	D36-s34_c13030-0-1	1612	3	3	2
5913	D36-s34_c13054-0-1	560	3	3	2
5914	D36-s34_c13128-0-4	517	3	3	2
5915	D36-s34_c13426-0-1	1307	3	3	2
5916	D36-s34_c13426-0-2	1256	3	3	2
5917	D36-s34_c13430-0-1	785	3	3	2
5918	D36-s34_c13464-0-1	3477	3	3	2
5919	D36-s34_c13480-0-1	744	3	3	2
5920	D36-s34_c13502-0-1	2213	3	3	2
5921	D36-s34_c13502-0-2	2148	3	3	2
5922	D36-s34_c13504-0-1	1146	3	3	2
5923	D36-s34_c13519-0-1	1042	3	3	2
5924	D36-s34_c13547-0-1	1076	3	3	2
5925	D36-s34_c13616-0-1	750	3	3	2
5926	D36-s34_c13624-0-1	804	3	3	2
5927	D36-s34_c13660-0-1	736	3	3	2
5928	D36-s34_c13663-0-1	1670	3	3	2
5929	D36-s34_c13663-0-2	1501	3	3	2
5930	D36-s34_c13671-0-1	709	3	3	2
5931	D36-s34_c14179-0-1	602	3	3	2
5932	D36-s34_c14244-0-1	531	3	3	2
5933	D36-s34_c14274-0-1	1356	3	3	2
5934	D36-s34_c14309-0-1	751	3	3	2
5935	D36-s34_c14314-0-2	1437	3	3	2
5936	D36-s34_c14337-0-1	754	3	3	2
5937	D36-s34_c14355-0-1	1269	3	3	2
5938	D36-s34_c14374-0-1	1412	3	3	2
5939	D36-s34_c14584-0-1	1025	3	3	2
5940	D36-s34_c14623-0-1	1376	3	3	2
5941	D36-s34_c14648-0-1	1627	3	3	2
5942	D36-s34_c14655-0-1	506	3	3	2
5943	D36-s34_c14683-0-1	527	3	3	2
5944	D36-s34_c14683-0-2	614	3	3	2
5945	D36-s34_c14686-0-1	2212	3	3	2
5946	D36-s34_c14765-0-1	876	3	3	2
5947	D36-s34_c14765-0-2	856	3	3	2
5948	D36-s34_c14765-0-3	932	3	3	2
5949	D36-s34_c14765-0-4	952	3	3	2
5950	D36-s34_c14923-0-1	1159	3	3	2
5951	D36-s34_c14923-0-2	1170	3	3	2
5952	D36-s34_c14925-0-1	1433	3	3	2
5953	D36-s34_c14974-0-2	865	3	3	2
5954	D36-s34_c14985-0-1	621	3	3	2
5955	D36-s34_c15025-0-1	756	3	3	2
5956	D36-s34_c15157-0-1	926	3	3	2
5957	D36-s34_c15182-0-1	600	3	3	2
5958	D36-s34_c15209-0-1	673	3	3	2
5959	D36-s34_c15235-0-1	1778	3	3	2
5960	D36-s34_c15396-0-1	926	3	3	2
5961	D36-s34_c15620-0-2	1502	3	3	2
5962	D36-s34_c15620-0-3	1459	3	3	2
5963	D36-s34_c15620-0-4	584	3	3	2
5964	D36-s34_c15620-0-5	1520	3	3	2
5965	D36-s34_c15620-0-7	1477	3	3	2
5966	D36-s34_c15620-0-8	1449	3	3	2
5967	D36-s34_c15620-0-9	1406	3	3	2
5968	D36-s34_c15667-0-1	1005	3	3	2
5969	D36-s34_c15754-0-1	1489	3	3	2
5970	D36-s34_c15786-0-1	2188	3	3	2
5971	D36-s34_c15932-0-1	711	3	3	2
5972	D36-s34_c15942-0-1	1277	3	3	2
5973	D36-s34_c15942-0-2	604	3	3	2
5974	D36-s34_c16031-0-1	2501	3	3	2
5975	D36-s34_c16031-0-2	2584	3	3	2
5976	D36-s34_c16031-0-3	2586	3	3	2
5977	D36-s34_c16031-0-4	2499	3	3	2
5978	D36-s34_c16069-0-1	862	3	3	2
5979	D36-s34_c16168-0-1	866	3	3	2
5980	D36-s34_c16168-0-5	503	3	3	2
5981	D36-s34_c16263-0-1	1460	3	3	2
5982	D36-s34_c16315-0-1	647	3	3	2
5983	D36-s34_c16447-0-1	1595	3	3	2
5984	D36-s34_c16543-0-1	1487	3	3	2
5985	D36-s34_c16708-0-1	1178	3	3	2
5986	D36-s34_c16809-0-1	674	3	3	2
5987	D36-s34_c16916-0-1	728	3	3	2
5988	D36-s34_c16916-0-2	1064	3	3	2
5989	D36-s34_c16993-0-1	905	3	3	2
5990	D36-s34_c16993-0-2	721	3	3	2
5991	D36-s34_c17010-0-3	963	3	3	2
5992	D36-s34_c17046-0-1	1058	3	3	2
5993	D36-s34_c17086-0-3	504	3	3	2
5994	D36-s34_c17144-2-1	2283	3	3	2
5995	D36-s34_c17175-0-1	1710	3	3	2
5996	D36-s34_c17226-0-1	1769	3	3	2
5997	D36-s34_c17374-0-1	795	3	3	2
5998	D36-s34_c17407-0-1	630	3	3	2
5999	D36-s34_c17504-0-1	1043	3	3	2
6000	D36-s34_c17621-0-2	1495	3	3	2
6001	D36-s34_c17662-0-2	1185	3	3	2
6002	D36-s34_c17665-0-1	990	3	3	2
6003	D36-s34_c17792-0-1	850	3	3	2
6004	D36-s34_c17792-0-3	862	3	3	2
6005	D36-s34_c17792-0-4	876	3	3	2
6006	D36-s34_c17792-0-5	607	3	3	2
6007	D36-s34_c17792-0-6	595	3	3	2
6008	D36-s34_c17792-0-9	864	3	3	2
6009	D36-s34_c17883-0-1	1038	3	3	2
6010	D36-s34_c17911-0-1	916	3	3	2
6011	D36-s34_c17911-0-2	897	3	3	2
6012	D36-s34_c17911-0-3	982	3	3	2
6013	D36-s34_c17911-0-4	1001	3	3	2
6014	D36-s34_c18013-0-1	755	3	3	2
6015	D36-s34_c18019-0-2	1827	3	3	2
6016	D36-s34_c18019-0-3	1896	3	3	2
6017	D36-s34_c18204-0-2	762	3	3	2
6018	D36-s34_c18204-0-3	717	3	3	2
6019	D36-s34_c18327-0-1	1291	3	3	2
6020	D36-s34_c18327-0-2	1271	3	3	2
6021	D36-s34_c18332-0-1	1627	3	3	2
6022	D36-s34_c18332-0-2	1118	3	3	2
6023	D36-s34_c18332-0-3	1107	3	3	2
6024	D36-s34_c18332-0-4	1616	3	3	2
6025	D36-s34_c18380-0-2	1688	3	3	2
6026	D36-s34_c18574-0-1	850	3	3	2
6027	D36-s34_c18633-0-1	1525	3	3	2
6028	D36-s34_c18734-0-1	798	3	3	2
6029	D36-s34_c18786-0-1	2303	3	3	2
6030	D36-s34_c18807-0-1	2030	3	3	2
6031	D36-s34_c18814-0-2	850	3	3	2
6032	D36-s34_c18814-0-3	873	3	3	2
6033	D36-s34_c18814-0-4	590	3	3	2
6034	D36-s34_c18834-0-1	1120	3	3	2
6035	D36-s34_c18838-0-2	1032	3	3	2
6036	D36-s34_c18854-0-1	1045	3	3	2
6037	D36-s34_c18856-0-5	517	3	3	2
6038	D36-s34_c18876-0-1	996	3	3	2
6039	D36-s34_c18953-0-1	1022	3	3	2
6040	D36-s34_c19053-0-1	2475	3	3	2
6041	D36-s34_c19053-0-2	2638	3	3	2
6042	D36-s34_c19109-0-1	1199	3	3	2
6043	D36-s34_c19204-0-1	1363	3	3	2
6044	D36-s34_c19204-0-2	1198	3	3	2
6045	D36-s34_c19204-0-5	1289	3	3	2
6046	D36-s34_c19204-0-6	1272	3	3	2
6047	D36-s34_c19244-0-1	1416	3	3	2
6048	D36-s34_c19355-0-2	894	3	3	2
6049	D36-s34_c19423-0-1	2010	3	3	2
6050	D36-s34_c19423-0-2	2019	3	3	2
6051	D36-s34_c19471-0-1	851	3	3	2
6052	D36-s34_c19498-0-2	3120	3	3	2
6053	D36-s34_c19536-0-1	1815	3	3	2
6054	D36-s34_c19550-0-2	976	3	3	2
6055	D36-s34_c19550-0-3	1081	3	3	2
6056	D36-s34_c19550-0-4	1204	3	3	2
6057	D36-s34_c19550-0-5	1278	3	3	2
6058	D36-s34_c19550-0-7	684	3	3	2
6059	D36-s34_c19550-0-8	1099	3	3	2
6060	D36-s34_c19550-0-9	1401	3	3	2
6061	D36-s34_c19578-0-1	631	3	3	2
6062	D36-s34_c19628-0-2	896	3	3	2
6063	D36-s34_c19632-0-1	1349	3	3	2
6064	D36-s34_c19632-0-2	1617	3	3	2
6065	D36-s34_c19663-0-1	2456	3	3	2
6066	D36-s34_c19800-0-11	1775	3	3	2
6067	D36-s34_c19960-0-1	877	3	3	2
6068	D36-s34_c20010-0-1	1890	3	3	2
6069	D36-s34_c20050-0-1	1305	3	3	2
6070	D36-s34_c20050-0-2	1442	3	3	2
6071	D36-s34_c20054-0-1	2572	3	3	2
6072	D36-s34_c20075-0-1	1763	3	3	2
6073	D36-s34_c20120-0-1	2067	3	3	2
6074	D36-s34_c20134-0-1	587	3	3	2
6075	D36-s34_c20176-0-2	539	3	3	2
6076	D36-s34_c20234-0-3	1029	3	3	2
6077	D36-s34_c20234-0-5	573	3	3	2
6078	D36-s34_c20234-0-7	507	3	3	2
6079	D36-s34_c20234-0-8	1018	3	3	2
6080	D36-s34_c20240-0-1	539	3	3	2
6081	D36-s34_c20265-0-2	657	3	3	2
6082	D36-s34_c20306-0-1	1468	3	3	2
6083	D36-s34_c20371-0-1	647	3	3	2
6084	D36-s34_c20557-0-1	1172	3	3	2
6085	D36-s34_c20557-0-2	1041	3	3	2
6086	D36-s34_c20557-0-3	646	3	3	2
6087	D36-s34_c20557-0-4	956	3	3	2
6088	D36-s34_c20557-0-5	825	3	3	2
6089	D36-s34_c20570-0-1	2896	3	3	2
6090	D36-s34_c20662-0-1	852	3	3	2
6091	D36-s34_c20662-0-2	1046	3	3	2
6092	D36-s34_c20662-0-3	1034	3	3	2
6093	D36-s34_c20662-0-4	864	3	3	2
6094	D36-s34_c20662-0-5	661	3	3	2
6095	D36-s34_c20776-0-1	1641	3	3	2
6096	D36-s34_c20778-0-1	925	3	3	2
6097	D36-s34_c20812-0-1	531	3	3	2
6098	D36-s34_c20820-0-1	575	3	3	2
6099	D36-s34_c20919-0-1	1999	3	3	2
6100	D36-s34_c20926-0-1	1197	3	3	2
6101	D36-s34_c21075-0-2	2058	3	3	2
6102	D36-s34_c21112-0-1	2153	3	3	2
6103	D36-s34_c21112-0-2	2218	3	3	2
6104	D36-s34_c21162-0-1	2015	3	3	2
6105	D36-s34_c21307-0-1	2631	3	3	2
6106	D36-s34_c21313-0-1	742	3	3	2
6107	D36-s34_c21420-0-1	1659	3	3	2
6108	D36-s34_c21420-0-2	1571	3	3	2
6109	D36-s34_c21420-0-3	1805	3	3	2
6110	D36-s34_c21420-0-4	1528	3	3	2
6111	D36-s34_c21420-0-5	1836	3	3	2
6112	D36-s34_c21420-0-6	1671	3	3	2
6113	D36-s34_c21420-0-8	1848	3	3	2
6114	D36-s34_c21420-0-9	1628	3	3	2
6115	D36-s34_c21420-0-10	1616	3	3	2
6116	D36-s34_c21420-0-11	1793	3	3	2
6117	D36-s34_c21420-0-12	1748	3	3	2
6118	D36-s34_c21430-0-1	1370	3	3	2
6119	D36-s34_c21501-0-1	884	3	3	2
6120	D36-s34_c21554-0-4	1409	3	3	2
6121	D36-s34_c21554-0-5	1395	3	3	2
6122	D36-s34_c21875-0-1	2520	3	3	2
6123	D36-s34_c21895-0-1	1413	3	3	2
6124	D36-s34_c21895-0-2	1425	3	3	2
6125	D36-s34_c21934-0-1	1512	3	3	2
6126	D36-s34_c21957-0-1	829	3	3	2
6127	D36-s34_c21992-0-1	2725	3	3	2
6128	D36-s34_c22107-0-1	897	3	3	2
6129	D36-s34_c22186-0-1	2173	3	3	2
6130	D36-s34_c22186-0-2	2253	3	3	2
6131	D36-s34_c22347-0-1	1565	3	3	2
6132	D36-s34_c22351-0-1	2567	3	3	2
6133	D36-s34_c22487-0-1	672	3	3	2
6134	D36-s34_c22768-0-1	1571	3	3	2
6135	D36-s34_c22768-0-2	1481	3	3	2
6136	D36-s34_c22768-0-3	694	3	3	2
6137	D36-s34_c22829-0-1	1774	3	3	2
6138	D36-s34_c22912-0-2	599	3	3	2
6139	D36-s34_c23010-0-14	830	3	3	2
6140	D36-s34_c23129-0-1	794	3	3	2
6141	D36-s34_c23129-0-2	946	3	3	2
6142	D36-s34_c23138-0-1	1582	3	3	2
6143	D36-s34_c23138-0-2	1631	3	3	2
6144	D36-s34_c23155-0-1	1365	3	3	2
6145	D36-s34_c23187-0-3	627	3	3	2
6146	D36-s34_c23194-0-2	979	3	3	2
6147	D36-s34_c23277-0-1	1045	3	3	2
6148	D36-s34_c23295-0-3	1238	3	3	2
6149	D36-s34_c23295-0-5	752	3	3	2
6150	D36-s34_c23295-0-6	745	3	3	2
6151	D36-s34_c23343-0-1	1219	3	3	2
6152	D36-s34_c23343-0-2	1254	3	3	2
6153	D36-s34_c23343-0-3	1176	3	3	2
6154	D36-s34_c23343-0-4	1270	3	3	2
6155	D36-s34_c23343-0-5	1348	3	3	2
6156	D36-s34_c23343-0-6	1141	3	3	2
6157	D36-s34_c23343-0-7	1235	3	3	2
6158	D36-s34_c23343-0-8	1313	3	3	2
6159	D36-s34_c23377-0-1	1533	3	3	2
6160	D36-s34_c23377-0-2	1554	3	3	2
6161	D36-s34_c23383-0-8	748	3	3	2
6162	D36-s34_c23429-0-1	2536	3	3	2
6163	D36-s34_c23429-0-2	2430	3	3	2
6164	D36-s34_c23454-0-1	1555	3	3	2
6165	D36-s34_c23454-0-2	1569	3	3	2
6166	D36-s34_c23454-0-3	1589	3	3	2
6167	D36-s34_c23501-0-5	768	3	3	2
6168	D36-s34_c23501-0-7	814	3	3	2
6169	D36-s34_c23587-0-1	719	3	3	2
6170	D36-s34_c23587-0-2	719	3	3	2
6171	D36-s34_c23587-0-3	733	3	3	2
6172	D36-s34_c23587-0-4	733	3	3	2
6173	D36-s34_c23588-0-1	1373	3	3	2
6174	D36-s34_c23614-0-1	1805	3	3	2
6175	D36-s34_c23665-0-2	727	3	3	2
6176	D36-s34_c23720-0-5	1610	3	3	2
6177	D36-s34_c23720-0-6	1626	3	3	2
6178	D36-s34_c23720-0-7	1590	3	3	2
6179	D36-s34_c23732-0-1	2098	3	3	2
6180	D36-s34_c24153-0-2	525	3	3	2
6181	D36-s34_c24153-0-7	661	3	3	2
6182	D36-s34_c24153-0-8	538	3	3	2
6183	D36-s34_c24155-0-1	1507	3	3	2
6184	D36-s34_c24155-0-2	1445	3	3	2
6185	D36-s34_c24279-0-3	1596	3	3	2
6186	D36-s34_c24279-0-5	1613	3	3	2
6187	D36-s34_c24380-0-1	1807	3	3	2
6188	D36-s34_c24420-0-10	628	3	3	2
6189	D36-s34_c24420-0-14	635	3	3	2
6190	D36-s34_c24435-1-16	660	3	3	2
6191	D36-s34_c24553-1-1	673	3	3	2
6192	D36-s34_c24559-0-4	1946	3	3	2
6193	D36-s34_c24559-0-5	1920	3	3	2
6194	D36-s34_c24559-0-7	1925	3	3	2
6195	D36-s34_c24582-0-2	1812	3	3	2
6196	D36-s34_c24582-0-3	1697	3	3	2
6197	D36-s34_c24623-0-2	602	3	3	2
6198	D36-s34_c24627-0-4	1120	3	3	2
6199	D36-s34_c24627-0-7	804	3	3	2
6200	D36-s34_c24627-0-10	1157	3	3	2
6201	D36-s34_c24635-0-1	1605	3	3	2
6202	D36-s34_c24690-0-2	1204	3	3	2
6203	D36-s34_c24690-0-10	1351	3	3	2
6204	D36-s34_c24690-0-37	1634	3	3	2
6205	D36-s34_c24690-0-40	1302	3	3	2
6206	D36-s34_c24691-0-1	1429	3	3	2
6207	D36-s34_c24691-0-2	1464	3	3	2
6208	D36-s34_c24691-0-3	1453	3	3	2
6209	D36-s34_c24691-0-4	1440	3	3	2
6210	D36-s34_c24737-0-1	1792	3	3	2
6211	D36-s34_c24909-0-1	1753	3	3	2
6212	D36-s34_c24913-0-1	2357	3	3	2
6213	D36-s34_c24922-0-1	2206	3	3	2
6214	D36-s34_c24930-0-1	1462	3	3	2
6215	D36-s34_c24930-0-3	1558	3	3	2
6216	D36-s34_c24970-0-3	738	3	3	2
6217	D36-s34_c24985-0-3	1169	3	3	2
6218	D36-s34_c25052-0-1	1491	3	3	2
6219	D36-s34_c25137-0-1	1580	3	3	2
6220	D36-s34_c25137-0-3	1613	3	3	2
6221	D36-s34_c25169-0-10	812	3	3	2
6222	D36-s34_c25222-0-1	2553	3	3	2
6223	D36-s34_c25222-0-2	555	3	3	2
6224	D36-s34_c25290-0-1	1830	3	3	2
6225	D36-s34_c25369-0-2	740	3	3	2
6226	D36-s34_c25398-0-1	1626	3	3	2
6227	D36-s34_c25449-0-1	614	3	3	2
6228	D36-s34_c25483-0-1	2785	3	3	2
6229	D36-s34_c25498-0-56	689	3	3	2
6230	D36-s34_c25537-0-1	1606	3	3	2
6231	D36-s34_c25537-0-4	1690	3	3	2
6232	D36-s34_c25537-0-6	1583	3	3	2
6233	D36-s34_c25537-0-8	1525	3	3	2
6234	D36-s34_c25537-0-9	1418	3	3	2
6235	D36-s34_c25537-0-10	1502	3	3	2
6236	D36-s34_c25537-0-13	1667	3	3	2
6237	D36-s34_c25537-0-15	1441	3	3	2
6238	D36-s34_c25633-0-4	737	3	3	2
6239	D36-s34_c25643-0-2	1194	3	3	2
6240	D36-s34_c25659-0-1	2093	3	3	2
6241	D36-s34_c25673-0-1	780	3	3	2
6242	D36-s34_c25673-0-2	1551	3	3	2
6243	D36-s34_c25685-0-1	1991	3	3	2
6244	D36-s34_c25733-0-1	1736	3	3	2
6245	D36-s34_c25777-0-1	1283	3	3	2
6246	D36-s34_c25777-0-2	839	3	3	2
6247	D36-s34_c25777-0-3	652	3	3	2
6248	D36-s34_c25777-0-4	1380	3	3	2
6249	D36-s34_c25777-0-5	1393	3	3	2
6250	D36-s34_c25777-0-6	748	3	3	2
6251	D36-s34_c25777-0-7	1296	3	3	2
6252	D36-s34_c25777-0-8	1302	3	3	2
6253	D36-s34_c25777-0-9	1315	3	3	2
6254	D36-s34_c25777-0-10	1915	3	3	2
6255	D36-s34_c25777-0-11	761	3	3	2
6256	D36-s34_c25777-0-12	826	3	3	2
6257	D36-s34_c25777-0-13	1374	3	3	2
6258	D36-s34_c25777-0-14	1841	3	3	2
6259	D36-s34_c25777-0-15	1361	3	3	2
6260	D36-s34_c25777-0-16	1837	3	3	2
6261	D36-s34_c25777-0-17	1928	3	3	2
6262	D36-s34_c25802-0-5	500	3	3	2
6263	D36-s34_c25820-0-3	708	3	3	2
6264	D36-s34_c25848-0-10	948	3	3	2
6265	D36-s34_c25909-0-3	877	3	3	2
6266	D36-s34_c25909-0-4	866	3	3	2
6267	D36-s34_c25909-0-5	553	3	3	2
6268	D36-s34_c25909-0-6	699	3	3	2
6269	D36-s34_c25909-0-7	756	3	3	2
6270	D36-s34_c25962-0-10	868	3	3	2
6271	D36-s34_c26006-0-12	535	3	3	2
6272	D36-s34_c26018-1-8	1724	3	3	2
6273	D36-s34_c26018-1-29	1659	3	3	2
6274	D36-s34_c26052-1-2	833	3	3	2
6275	D36-s34_c26052-1-17	849	3	3	2
6276	D36-s34_c26072-0-4	502	3	3	2
6277	D36-s34_c26072-0-11	1354	3	3	2
6278	D36-s34_c26104-0-1	1215	3	3	2
6279	D36-s34_c26104-0-2	3831	3	3	2
6280	D36-s34_c26113-0-2	854	3	3	2
6281	D36-s34_c26113-0-6	654	3	3	2
6282	D36-s34_c26113-0-7	588	3	3	2
6283	D36-s34_c26113-0-8	723	3	3	2
6284	D36-s34_c26113-0-9	788	3	3	2
6285	D36-s34_c26113-0-11	657	3	3	2
6286	D36-s34_c26128-0-1	629	3	3	2
6287	D36-s34_c26128-0-16	537	3	3	2
6288	D36-s34_c26155-0-1	628	3	3	2
6289	D36-s34_c26155-0-9	689	3	3	2
6290	D36-s34_c26155-0-13	878	3	3	2
6291	D36-s34_c26155-0-18	1302	3	3	2
6292	D36-s34_c26221-0-1	3101	3	3	2
6293	D36-s34_c26258-0-1	683	3	3	2
6294	D36-s34_c26258-0-2	823	3	3	2
6295	D36-s34_c26258-0-3	686	3	3	2
6296	D36-s34_c26258-0-4	729	3	3	2
6297	D36-s34_c26258-0-5	524	3	3	2
6298	D36-s34_c26258-0-7	589	3	3	2
6299	D36-s34_c26258-0-8	973	3	3	2
6300	D36-s34_c26258-0-9	1501	3	3	2
6301	D36-s34_c26258-0-10	833	3	3	2
6302	D36-s34_c26258-0-11	1641	3	3	2
6303	D36-s34_c26272-0-1	2666	3	3	2
6304	D36-s34_c26272-0-2	2748	3	3	2
6305	D36-s34_c26326-0-1	2204	3	3	2
6306	D36-s34_c26326-1-1	936	3	3	2
6307	D36-s34_c26326-1-2	986	3	3	2
6308	D36-s34_c26326-1-3	1001	3	3	2
6309	D36-s34_c26334-0-5	920	3	3	2
6310	D36-s34_c26353-0-2	621	3	3	2
6311	D36-s34_c26380-0-5	593	3	3	2
6312	D36-s34_c26390-0-3	572	3	3	2
6313	D36-s34_c26390-0-8	519	3	3	2
6314	D36-s34_c26403-0-3	1442	3	3	2
6315	D36-s34_c26445-0-41	1084	3	3	2
6316	D36-s34_c26476-0-1	1859	3	3	2
6317	D36-s34_c26476-0-2	1841	3	3	2
6318	D36-s34_c26476-0-3	2331	3	3	2
6319	D36-s34_c26476-0-4	1885	3	3	2
6320	D36-s34_c26476-0-5	2171	3	3	2
6321	D36-s34_c26476-0-6	2001	3	3	2
6322	D36-s34_c26476-0-7	1975	3	3	2
6323	D36-s34_c26476-0-8	2215	3	3	2
6324	D36-s34_c26476-0-9	1903	3	3	2
6325	D36-s34_c26476-0-10	2287	3	3	2
6326	D36-s34_c26476-0-13	2019	3	3	2
6327	D36-s34_c26476-0-15	1957	3	3	2
6328	D36-s34_c26493-0-13	719	3	3	2
6329	D36-s34_c26493-0-23	1125	3	3	2
6330	D36-s34_c26518-0-1	762	3	3	2
6331	D36-s34_c26528-0-1	1678	3	3	2
6332	D36-s34_c26528-0-6	2070	3	3	2
6333	D36-s34_c26528-0-11	1295	3	3	2
6334	D36-s34_c26528-0-12	2062	3	3	2
6335	D36-s34_c26528-0-13	645	3	3	2
6336	D36-s34_c26529-1-1	619	3	3	2
6337	D36-s34_c26529-1-7	598	3	3	2
6338	D36-s34_c26529-1-10	865	3	3	2
6339	D36-s34_c26529-1-11	712	3	3	2
6340	D36-s34_c26529-1-17	683	3	3	2
6341	D36-s34_c26529-1-18	513	3	3	2
6342	D36-s34_c26529-1-20	797	3	3	2
6343	D36-s34_c26545-0-3	1351	3	3	2
6344	D36-s34_c26574-0-7	1304	3	3	2
6345	D36-s34_c26658-0-1	2379	3	3	2
6346	D36-s34_c26658-0-3	789	3	3	2
6347	D36-s34_c26658-0-4	2161	3	3	2
6348	D36-s34_c26658-0-5	2346	3	3	2
6349	D36-s34_c26658-0-6	2382	3	3	2
6350	D36-s34_c26658-0-7	736	3	3	2
6351	D36-s34_c26658-0-8	2415	3	3	2
6352	D36-s34_c26658-0-9	537	3	3	2
6353	D36-s34_c26658-0-10	2223	3	3	2
6354	D36-s34_c26658-0-11	2185	3	3	2
6355	D36-s34_c26658-0-14	2187	3	3	2
6356	D36-s34_c26658-0-15	2197	3	3	2
6357	D36-s34_c26658-0-16	758	3	3	2
6358	D36-s34_c26658-0-17	2221	3	3	2
6359	D36-s34_c26671-0-1	1460	3	3	2
6360	D36-s34_c26671-0-2	1838	3	3	2
6361	D36-s34_c26671-0-3	1431	3	3	2
6362	D36-s34_c26671-0-4	1867	3	3	2
6363	D36-s34_c26671-0-5	1867	3	3	2
6364	D36-s34_c26671-0-6	1460	3	3	2
6365	D36-s34_c26671-0-7	1431	3	3	2
6366	D36-s34_c26671-0-8	1838	3	3	2
6367	D36-s34_c26720-0-7	505	3	3	2
6368	D36-s34_c26739-0-14	674	3	3	2
6369	D36-s34_c26789-0-7	1769	3	3	2
6370	D36-s34_c26804-0-2	778	3	3	2
6371	D36-s34_c26804-0-4	804	3	3	2
6372	D36-s34_c26847-0-3	2965	3	3	2
6373	D36-s34_c26855-0-1	1213	3	3	2
6374	D36-s34_c26863-0-1	1659	3	3	2
6375	D36-s34_c26863-0-3	1660	3	3	2
6376	D36-s34_c26863-0-4	1607	3	3	2
6377	D36-s34_c26863-0-5	1670	3	3	2
6378	D36-s34_c26863-0-6	1605	3	3	2
6379	D36-s34_c26883-0-5	584	3	3	2
6380	D36-s34_c26883-0-19	845	3	3	2
6381	D36-s34_c26883-0-54	862	3	3	2
6382	D36-s34_c26902-0-2	1144	3	3	2
6383	D36-s34_c26941-0-2	1334	3	3	2
6384	D36-s34_c26941-0-3	1260	3	3	2
6385	D36-s34_c26979-0-1	2021	3	3	2
6386	D36-s34_c26979-0-2	1983	3	3	2
6387	D36-s34_c26994-0-1	1357	3	3	2
6388	D36-s34_c26994-0-3	539	3	3	2
6389	D36-s34_c26994-0-4	1263	3	3	2
6390	D36-s34_c26994-0-6	1324	3	3	2
6391	D36-s34_c26994-0-7	1298	3	3	2
6392	D36-s34_c26994-0-8	1673	3	3	2
6393	D36-s34_c26994-0-11	581	3	3	2
6394	D36-s34_c26994-0-14	1579	3	3	2
6395	D36-s34_c26994-0-15	1230	3	3	2
6396	D36-s34_c26994-0-16	1204	3	3	2
6397	D36-s34_c26994-0-17	1171	3	3	2
6398	D36-s34_c27028-0-1	3018	3	3	2
6399	D36-s34_c27028-0-2	2918	3	3	2
6400	D36-s34_c27028-0-3	2930	3	3	2
6401	D36-s34_c27032-0-2	1534	3	3	2
6402	D36-s34_c27123-0-1	2870	3	3	2
6403	D36-s34_c27123-0-2	820	3	3	2
6404	D36-s34_c27169-0-8	2259	3	3	2
6405	D36-s34_c27169-0-17	2336	3	3	2
6406	D36-s34_c27202-0-1	2453	3	3	2
6407	D36-s34_c27202-0-2	2206	3	3	2
6408	D36-s34_c27202-0-3	2465	3	3	2
6409	D36-s34_c27202-0-4	2218	3	3	2
6410	D36-s34_c27202-0-5	2477	3	3	2
6411	D36-s34_c27202-0-6	2243	3	3	2
6412	D36-s34_c27202-0-7	2206	3	3	2
6413	D36-s34_c27202-0-8	1984	3	3	2
6414	D36-s34_c27202-0-10	767	3	3	2
6415	D36-s34_c27202-0-13	2465	3	3	2
6416	D36-s34_c27202-0-14	1972	3	3	2
6417	D36-s34_c27202-0-19	2194	3	3	2
6418	D36-s34_c27210-0-2	531	3	3	2
6419	D36-s34_c27210-0-14	554	3	3	2
6420	D36-s34_c27210-0-15	1321	3	3	2
6421	D36-s34_c27210-0-18	905	3	3	2
6422	D36-s34_c27210-0-20	1059	3	3	2
6423	D36-s34_c27210-0-25	1074	3	3	2
6424	D36-s34_c27210-0-26	882	3	3	2
6425	D36-s34_c27232-1-23	698	3	3	2
6426	D36-s34_c27243-0-2	1910	3	3	2
6427	D36-s34_c27244-0-1	2325	3	3	2
6428	D36-s34_c27288-0-28	2030	3	3	2
6429	D36-s34_c27299-1-13	573	3	3	2
6430	D36-s34_c27301-0-4	585	3	3	2
6431	D36-s34_c27301-0-6	974	3	3	2
6432	D36-s34_c27301-0-10	1048	3	3	2
6433	D36-s34_c27301-0-14	506	3	3	2
6434	D36-s34_c27302-0-6	2428	3	3	2
6435	D36-s34_c27302-0-12	2346	3	3	2
6436	D36-s34_c27307-0-2	1007	3	3	2
6437	D36-s34_c27307-0-8	1069	3	3	2
6438	D36-s34_c27307-0-9	1127	3	3	2
6439	D36-s34_c27307-0-13	1171	3	3	2
6440	D36-s34_c27307-0-15	1121	3	3	2
6441	D36-s34_c27307-0-19	914	3	3	2
6442	D36-s34_c27307-0-21	1025	3	3	2
6443	D36-s34_c27307-0-22	1224	3	3	2
6444	D36-s34_c27307-0-25	1267	3	3	2
6445	D36-s34_c27307-0-27	1068	3	3	2
6446	D36-s34_c27307-0-35	1165	3	3	2
6447	D36-s34_c27307-0-36	1024	3	3	2
6448	D36-s34_c27307-0-37	957	3	3	2
6449	D36-s34_c27307-0-43	1128	3	3	2
6450	D36-s34_c27307-0-44	1170	3	3	2
6451	D36-s34_c27316-0-7	560	3	3	2
6452	D36-s34_c27342-1-16	997	3	3	2
6453	D36-s34_c27357-0-8	959	3	3	2
6454	D36-s34_c27358-0-2	1269	3	3	2
6455	D36-s34_c27358-0-3	1908	3	3	2
6456	D36-s34_c27358-0-6	1956	3	3	2
6457	D36-s34_c27358-0-9	1136	3	3	2
6458	D36-s34_c27358-0-11	1235	3	3	2
6459	D36-s34_c27364-1-1	1918	3	3	2
6460	D36-s34_c27368-0-20	513	3	3	2
6461	D36-s34_c27373-1-4	593	3	3	2
6462	D36-s34_c27394-0-1	2280	3	3	2
6463	D36-s34_c27394-0-2	2535	3	3	2
6464	D36-s34_c27397-0-5	504	3	3	2
6465	D36-s34_c27397-0-17	532	3	3	2
6466	D36-s34_c27397-0-20	606	3	3	2
6467	D36-s34_c27397-0-26	593	3	3	2
6468	D36-s34_c27397-0-41	558	3	3	2
6469	D36-s34_c27404-0-36	775	3	3	2
6470	D36-s34_c27428-2-14	628	3	3	2
6471	D36-s34_c27435-0-3	604	3	3	2
6472	D36-s34_c27435-0-5	620	3	3	2
6473	D36-s34_c27435-0-9	2090	3	3	2
6474	D36-s34_c27447-0-16	731	3	3	2
6475	D36-s34_c27450-0-7	1134	3	3	2
6476	D36-s34_c27451-0-17	587	3	3	2
6477	D36-s34_c27451-0-21	536	3	3	2
6478	D36-s34_c27456-0-49	682	3	3	2
6479	D36-s34_c27456-0-51	844	3	3	2
6480	D36-s34_c27456-0-71	842	3	3	2
6481	D36-s34_c27460-0-88	572	3	3	2
6482	D36-s34_c27461-0-3	1075	3	3	2
6483	D36-s34_c27461-0-4	1471	3	3	2
6484	D36-s34_c27461-0-12	1164	3	3	2
6485	D36-s34_c27461-0-17	1751	3	3	2
6486	D36-s34_c27461-0-20	1534	3	3	2
6487	D36-s34_c27461-0-23	942	3	3	2
6488	D36-s34_c27461-0-25	1888	3	3	2
6489	D36-s34_c27461-0-27	1706	3	3	2
6490	D36-s34_c27461-0-29	1119	3	3	2
6491	D36-s34_c27461-0-33	629	3	3	2
6492	D36-s34_c27461-0-35	1843	3	3	2
6493	D36-s34_c27461-0-38	1904	3	3	2
6494	D36-s34_c27467-0-1	2898	3	3	2
6495	D36-s34_c27467-0-2	550	3	3	2
6496	D36-s34_c27467-0-3	3426	3	3	2
6497	D36-s34_c27467-0-4	571	3	3	2
6498	D36-s34_c27467-0-5	3445	3	3	2
6499	D36-s34_c27467-0-8	538	3	3	2
6500	D36-s34_c27467-0-9	2260	3	3	2
6501	D36-s34_c27467-0-10	911	3	3	2
6502	D36-s34_c27467-0-11	3458	3	3	2
6503	D36-s34_c27467-0-12	3456	3	3	2
6504	D36-s34_c27467-0-13	919	3	3	2
6505	D36-s34_c27467-0-14	2917	3	3	2
6506	D36-s34_c27467-0-15	576	3	3	2
6507	D36-s34_c27467-0-16	3525	3	3	2
6508	D36-s34_c27467-0-17	583	3	3	2
6509	D36-s34_c27467-0-18	3370	3	3	2
6510	D36-s34_c27467-0-19	551	3	3	2
6511	D36-s34_c27467-0-22	532	3	3	2
6512	D36-s34_c27467-0-23	2799	3	3	2
6513	D36-s34_c27467-0-24	3555	3	3	2
6514	D36-s34_c27467-0-26	3544	3	3	2
6515	D36-s34_c27467-0-29	584	3	3	2
6516	D36-s34_c27467-0-31	2831	3	3	2
6517	D36-s34_c27467-0-32	2312	3	3	2
6518	D36-s34_c27467-0-33	2304	3	3	2
6519	D36-s34_c27467-0-34	3469	3	3	2
6520	D36-s34_c27467-0-35	2818	3	3	2
6521	D36-s34_c27467-0-36	2732	3	3	2
6522	D36-s34_c27467-0-38	918	3	3	2
6523	D36-s34_c27467-0-39	3536	3	3	2
6524	D36-s34_c27467-0-40	3437	3	3	2
6525	D36-s34_c27467-0-42	543	3	3	2
6526	D36-s34_c27467-0-43	867	3	3	2
6527	D36-s34_c27467-0-44	906	3	3	2
6528	D36-s34_c32238-0-1	589	3	3	2
6529	D36-s34_c37129-0-1	1455	3	3	2
6530	D36-s34_c40523-0-1	1355	3	3	2
6531	D36-s34_c45315-0-1	1194	3	3	2
6532	D36-s34_c46304-0-1	644	3	3	2
6533	D36-s34_c48401-0-1	1064	3	3	2
6534	D36-s34_c57000-0-1	511	3	3	2
6535	D36-s34_c65988-0-1	772	3	3	2
6536	D36-s34_c67313-0-1	530	3	3	2
6537	D36-s34_c68916-0-1	874	3	3	2
6538	D36-s34_c70064-0-1	506	3	3	2
6539	D36-s34_c70869-0-1	569	3	3	2
6540	D36-s34_c72642-0-1	778	3	3	2
6541	D36-s34_c73613-0-1	703	3	3	2
6542	D36-s34_c74996-0-1	877	3	3	2
6543	D36-s34_c75069-0-1	771	3	3	2
6544	D36-s34_c76223-0-1	780	3	3	2
6545	D36-s34_c77554-0-1	1565	3	3	2
6546	D36-s34_c77590-0-1	1117	3	3	2
6547	D36-s34_c77768-0-1	521	3	3	2
6548	D36-s34_c79478-0-1	842	3	3	2
6549	D36-s34_c80347-0-1	705	3	3	2
6550	D36-s34_c81137-0-1	1049	3	3	2
6551	D36-s34_c81508-0-1	1113	3	3	2
6552	D36-s34_c83184-0-1	1153	3	3	2
6553	D36-s34_c85218-0-1	982	3	3	2
6554	D36-s34_c88419-0-1	704	3	3	2
6555	D36-s34_c88788-0-1	930	3	3	2
6556	D36-s34_c89117-0-1	501	3	3	2
6557	D36-s34_c89186-0-1	1009	3	3	2
6558	D36-s34_c91317-0-1	670	3	3	2
6559	D36-s34_c92167-0-1	622	3	3	2
6560	D36-s34_c93486-0-1	1111	3	3	2
6561	D36-s34_c93670-0-1	1466	3	3	2
6562	D36-s34_c95842-0-1	530	3	3	2
6563	D36-s34_c97591-0-1	1170	3	3	2
6564	D36-s34_c99159-0-1	1074	3	3	2
6565	D36-s34_c99556-0-1	856	3	3	2
6566	D36-s34_c100654-0-1	507	3	3	2
6567	D36-s34_c100711-0-1	769	3	3	2
6568	D36-s34_c101333-0-1	1034	3	3	2
6569	D36-s34_c101458-0-1	531	3	3	2
6570	D36-s34_c102769-0-1	545	3	3	2
6571	D36-s34_c104757-0-1	625	3	3	2
6572	D36-s34_c104803-0-1	904	3	3	2
6573	D36-s34_c107416-0-1	714	3	3	2
6574	D36-s34_c109603-0-1	669	3	3	2
6575	D36-s34_c110205-0-1	504	3	3	2
6576	D36-s34_c110483-0-1	1260	3	3	2
6577	D36-s34_c112198-0-1	745	3	3	2
6578	D36-s34_c112286-0-1	997	3	3	2
6579	D36-s34_c113092-0-1	909	3	3	2
6580	D36-s34_c115930-0-1	568	3	3	2
6581	D36-s34_c118181-0-1	702	3	3	2
6582	D36-s34_c118253-0-1	1131	3	3	2
6583	D36-s34_c119106-0-1	554	3	3	2
6584	D36-s34_c124163-0-1	854	3	3	2
6585	D36-s34_c128493-0-1	567	3	3	2
6586	D36-s34_c128856-0-1	1478	3	3	2
6587	D36-s34_c133759-0-1	643	3	3	2
6588	D36-s34_c137027-0-1	588	3	3	2
6589	D36-s34_c138146-0-1	971	3	3	2
6590	D36-s34_c138187-0-1	1483	3	3	2
6591	D36-s34_c138653-0-1	748	3	3	2
6592	D36-s34_c147177-0-1	640	3	3	2
6593	D36-s34_c153066-0-1	867	3	3	2
6594	D36-s34_c158170-0-1	651	3	3	2
6595	D36-s34_c158476-0-1	571	3	3	2
6596	D36-s34_c161473-0-1	524	3	3	2
6597	D36-s34_c162349-0-1	869	3	3	2
6598	D36-s34_c163300-0-1	575	3	3	2
6599	D36-s34_c168003-0-1	558	3	3	2
6600	D36-s34_c169349-0-1	513	3	3	2
6601	D36-s34_c170151-0-1	700	3	3	2
6602	D36-s34_c170985-0-1	815	3	3	2
6603	D36-s34_c182861-0-1	523	3	3	2
6604	D36-s34_c184414-0-1	638	3	3	2
6605	D36-s34_c190281-0-1	524	3	3	2
6606	D36-s34_c190722-0-1	1140	3	3	2
6607	D36-s34_c203456-0-1	880	3	3	2
6608	D36-s34_c205181-0-1	541	3	3	2
6609	D36-s34_c207200-0-1	511	3	3	2
6610	D36-s34_c208322-0-1	628	3	3	2
6611	D36-s34_c208735-0-1	530	3	3	2
6612	D36-s34_c214869-0-1	694	3	3	2
6613	D36-s34_c221006-0-1	605	3	3	2
6614	D36-s34_c221662-0-1	668	3	3	2
6615	D36-s34_c222463-0-1	674	3	3	2
6616	D36-s34_c247984-0-1	576	3	3	2
6617	D36-s34_c251197-0-1	570	3	3	2
6618	D36-s34_c251442-0-1	524	3	3	2
6619	D36-s34_c259788-0-1	601	3	3	2
6620	D36-s34_c317852-0-1	543	3	3	2
6621	D36-s34_c343001-0-1	545	3	3	2
6622	D36-s34_c348126-0-1	544	3	3	2
